19980305_0700_0800_VOA_MAN
03/05/1998 7:09:20.83
03/05/1998 7:10:23.56
50171 30258 50354 27863 27647 25995 25944 7570 15357 3015 24310 28952 29779 -1
35637 31622 2866 1490 1109 1200 -1
1155 28628 10752 7680 39279 -1
1004 1985 26273 18396 2913 10752 25995 -1
2905 -1
3015 12399 -1
24488 25995 25944 7570 3015 28952 1259 657 34363 3015 -1
2866 1490 1109 2500 24267 1200 -1
10752 15357 3015 3455 -1
2905 -1
2572 -1
21387 -1
28006 3015 25634 23542 2471 15693 10752 3015 24310 -1
21413 1521 42471 1826 35581 3379 12385 37157 16907 596 2572 39279 7680 3015 26151 457 739 30066 2620 22833 3015 10997 -1
10752 14881 16844 28952 -1
7448 27647 25995 25944 7570 886 10752 30051 10700 31602 3015 33748 15128 -1
3043 1259 -1
12111 42152 2913 39279 7680 14628 28952 3015 23916 28826 10486 -1
596 27536 3015 2421 2718 612 2033 10752 -1
2905 -1
3015 34427 13353 1985 2269 -1
