19980316_0700_0800_VOA_MAN
03/16/1998 7:12:56.19
03/16/1998 7:15:44.02
13247 596 35066 28421 2620 3015 732 991 1682 8738 28421 510 8805 44394 7680 596 732 2237 2237 1374 1715 30774 1153 -1
3318 35654 18057 46568 -1
508 991 20277 1732 1259 38479 14327 596 36267 1442 21413 3015 732 2718 49252 457 15357 1985 17586 8805 3015 -1
41466 36431 21413 37234 25607 1894 2297 3981 3015 12955 34701 -1
662 15156 35424 -1
21413 48842 27799 28298 42911 38479 14327 596 22075 29437 24756 457 27799 1985 2913 3731 3928 1975 1012 2024 3015 33687 -1
3731 3928 1975 1012 2024 1200 -1
44394 7680 732 2237 2237 1374 1715 596 35066 2713 1153 24488 15998 26151 3015 16907 30774 1153 -1
1012 2024 596 25066 31432 18828 3015 16907 -1
38054 26504 49181 -1
1153 21161 1985 44394 7680 18175 10614 1155 -1
18499 16627 2713 1153 1485 343 -1
29144 1153 3015 18157 -1
2500 19136 1153 668 1252 24831 1155 3015 840 19431 -1
1012 2024 1200 -1
1153 31432 3302 2748 13023 24053 2471 30002 9241 3015 1261 -1
1153 24795 1200 -1
1153 31432 892 1335 44394 732 2718 30118 -1
3043 1259 653 1415 417 1985 21442 30564 -1
1012 2024 1200 -1
973 31432 892 -1
505 10702 1155 732 2718 3068 7560 -1
3043 1259 973 653 8054 732 892 -1
3302 23526 1335 21413 7680 3015 30118 -1
1012 2024 24806 48842 27799 28298 22075 29437 24756 3015 33687 -1
508 1259 1153 2997 732 3103 28329 15545 31432 3015 16739 -1
1153 596 24756 457 2913 44394 7680 3015 8790 -1
1259 1153 596 30000 3015 18828 926 15348 3015 23380 3015 732 33748 -1
20818 -1
10369 44394 596 1555 1715 1521 31582 44050 443 8345 19612 30774 732 991 443 8994 28021 3015 35190 491 596 30802 479 457 -1
1330 2718 12385 -1
1012 2024 886 732 2718 3068 44529 15348 1985 8967 -1
508 2718 3068 44529 491 596 30802 44394 7680 1259 2801 28502 35066 39525 3748 985 3981 2446 657 3302 9058 27960 3318 33613 11674 508 451 27960 -1
596 48842 27799 28298 35425 1012 2024 24806 22075 29437 24756 33687 8896 -1
35066 22631 30066 17257 -1
18587 29223 1012 2024 3015 8805 -1
508 732 17257 9983 44394 7680 24311 30000 3015 8967 1200 -1
44394 7680 2713 1012 2024 13054 8895 21442 840 27960 3015 20754 17383 24831 -1
17257 34179 -1
44394 7680 2913 1012 2024 3015 8805 28826 21294 33879 -1
3043 1259 -1
1012 2024 38479 596 22075 29437 24756 457 1200 -1
44394 7680 29223 2913 1153 657 2620 30774 12292 -1
508 1259 18057 -1
