19980410_0900_0905_VOA_MAN
04/10/1998 9:01:44.85
04/10/1998 9:02:26.39
17867 44049 27946 2572 14452 43168 2572 14461 43168 20818 16627 34238 596 3221 2270 16747 457 -1
10900 10610 25228 2878 1193 1448 3015 15941 17395 -1
16747 30002 596 508 3103 40431 20480 3221 2270 3015 341 0 732 1099 -1
17867 44049 30871 34701 1200 -1
46439 11070 32009 732 3445 732 16987 1416 -1
2500 657 25694 1788 16444 3015 3221 2270 510 596 21635 3015 11183 2033 459 1334 -1
17867 44049 27924 -1
11047 16802 18366 20818 3025 2717 2397 11183 1448 20306 34238 38480 34638 3015 39441 -1
33886 15648 34179 -1
744 15830 3025 15941 2572 17724 3015 18587 12401 23542 12133 35916 3015 16904 -1
