19980626_0730_0735_VOA_MAN
06/26/1998 7:32:33.58
06/26/1998 7:33:16.49
40889 15397 3500 3596 14484 3020 1159 1045 23926 3100 20674 479 844 3015 12325 457 18651 29686 10757 3015 25634 -1
10900 10757 8994 34179 24002 15427 50140 13894 -1
596 10757 2572 49951 24488 1985 41971 8896 -1
3500 3596 14484 3020 1159 1045 19233 508 2718 31011 1259 1004 1985 24433 3015 35851 24536 24040 -1
1155 20818 596 40534 2625 29686 -1
18499 744 19233 49951 2572 46461 -1
1155 625 25634 3025 10757 15008 -1
3043 1259 10757 24002 1424 2997 18023 28871 50140 13894 -1
50140 9099 9545 31308 689 3460 2000 2625 36168 23708 -1
