19980224_0900_1000_VOA_MAN
02/24/1998 9:56:40.87
02/24/1998 9:57:33.37
21413 414 40889 31744 44426 1200 -1
10477 39857 27536 14168 12620 3015 25618 -1
10907 508 3103 644 38208 32011 3015 13703 25312 12620 34364 24425 16836 -1
44426 38486 596 40889 40526 35251 886 44022 14985 37191 12620 8891 2231 596 21413 30871 1330 30066 1985 17586 25079 -1
44426 1200 -1
38208 40819 39857 14881 1424 40889 13703 25312 18366 24495 15653 3383 26492 3274 657 13703 3015 31042 -1
3043 1259 18396 1259 2801 23526 13023 39857 2471 30330 1155 3015 20262 2500 10376 27917 -1
44426 1200 -1
23606 3025 38208 27536 3015 14162 12292 -1
744 1259 38208 3302 7517 37191 855 3015 12620 -1
21413 2572 1551 21329 34364 7931 19670 1155 8828 -1
