19980515_0900_0905_VOA_MAN
05/15/1998 9:00:47.51
05/15/1998 9:01:26.20
10757 7689 1036 2297 1664 4195 1200 -1
10757 10609 732 2156 31708 37974 -1
3043 1259 -1
1155 1200 -1
10757 3015 41969 3302 2471 10528 19040 1759 3015 -1
1036 2297 1664 4195 33948 1200 -1
34363 3015 8808 2572 23390 13434 739 11070 35590 -1
596 508 8891 1155 596 38528 886 732 1615 44911 30066 25079 1278 1200 -1
18176 10757 3015 35244 16464 14205 -1
10757 2231 2471 27297 10455 2999 30553 41969 -1
33886 1036 2297 1664 4195 21442 41389 3015 12955 16045 -1
10757 27536 9545 34179 3302 2471 16508 16792 508 2045 43226 44582 13703 -1
