19980227_0900_1000_VOA_MAN
02/27/1998 9:06:54.18
02/27/1998 9:07:30.41
38522 27466 18366 2345 33624 18088 3015 19212 11858 12928 -1
18088 26316 27466 37472 1679 2878 3388 2155 2572 38522 27466 7707 1974 3196 705 -1
38478 596 38522 19303 1985 37191 12620 -1
38522 42092 27924 1200 -1
37191 12620 34802 25674 11858 -1
11627 -1
35244 11858 2572 14108 38522 27466 3015 19212 3012 20568 -1
33886 -1
15648 21442 14748 657 30221 38522 27466 18366 2345 33624 11858 -1
739 21442 14748 17276 16907 23728 24488 11858 -1
