19980610_0700_0710_VOA_MAN
06/10/1998 7:05:32.52
06/10/1998 7:06:15.22
40534 2625 42655 40819 1548 4165 7570 3015 10386 -1
23728 7548 732 2718 24782 3015 26088 -1
15648 1259 1004 1985 23626 8994 2713 1825 2396 2091 2625 30622 31011 -1
33737 38085 30965 3015 2572 1583 12620 -1
38481 1548 4165 2572 15903 2903 1416 32839 662 23803 2572 3068 24857 7574 3015 33070 -1
3100 20714 28748 32931 44306 32581 -1
23626 33070 1259 38486 596 32007 23728 3015 -1
10386 30326 2572 31104 3015 8976 20181 11047 24271 30002 1985 32692 -1
8727 657 13674 2718 1416 596 34670 32692 457 16444 -1
