19980305_0700_0800_VOA_MAN
03/05/1998 7:35:26.69
03/05/1998 7:39:44.22
28536 15025 -1
21413 31456 341 2770 17121 3015 732 991 50150 2170 1882 2297 -1
612 -1
2584 18640 -1
13320 36431 21413 37234 25607 500 5426 2231 2170 1882 2297 17206 1157 864 3015 732 1604 34703 -1
662 20254 1099 35424 -1
2170 1882 2297 24878 23526 1200 1259 11726 21413 22676 3015 732 991 -1
31746 -1
2859 1259 596 21413 1246 2620 24863 3015 11972 -1
25714 469 1711 2620 457 809 -1
739 2559 1738 14054 2933 2620 1155 3015 8199 -1
19572 43149 -1
38363 -1
2231 2710 33925 1200 1985 -1
2170 1882 2297 24878 12934 -1
1167 -1
732 1298 8199 9613 33144 -1
3012 1308 -1
3015 32838 1985 -1
22651 1155 341 657 1788 3015 7452 479 732 -1
21413 22676 13963 26141 -1
596 -1
1715 1521 11070 3153 3025 2997 -1
3434 -1
1155 7807 732 2718 1416 2452 1259 2713 19572 11975 27090 3015 41490 -1
657 3015 11070 32595 1985 -1
2903 1715 -1
8857 24554 18318 1246 1416 26463 -1
1155 32595 3015 2000 3379 341 33169 3015 41490 -1
21413 2690 2572 2625 3015 32916 -1
11047 -1
21413 -1
732 5163 7764 3015 1416 -1
2938 1259 732 3434 9717 -1
3148 1985 14950 8889 -1
2170 1882 2297 10369 -1
21413 20547 -1
13966 24337 -1
7764 27909 3015 8099 840 8199 2710 1259 2903 3017 49687 -1
2170 1882 2297 24878 3015 8199 37758 1246 1416 26463 -1
8217 1259 10900 32009 -1
45778 -1
22925 916 721 -1
3015 24224 -1
1155 3015 1237 -1
23526 33282 668 333 457 809 41490 -1
14893 -1
739 23526 21574 -1
809 2769 961 3214 -1
8107 3015 11408 -1
8726 1155 3015 8199 20568 29302 10521 -1
45555 -1
2710 1259 3302 596 2507 926 -1
31436 32874 732 991 1246 1416 14634 3015 50150 -1
469 2160 -1
8199 3012 1308 -1
1408 909 33893 -1
2170 1882 2297 2500 657 2587 2421 889 33279 33881 3015 15411 -1
732 1259 1155 -1
2467 1416 3302 2209 -1
3015 24869 24337 -1
1155 732 1298 13132 24877 17182 35484 -1
1715 -1
8857 -1
1167 11652 1274 596 33811 1985 3015 16907 -1
3293 3100 24877 28752 1330 14572 -1
8199 3012 1308 -1
2467 1416 3302 2209 11359 2500 909 33893 -1
2710 8401 3015 1259 2170 1882 2297 3015 35287 18837 -1
508 451 -1
35287 -1
3302 1259 21543 3015 -1
2878 1259 2913 21413 22676 2572 13116 657 1985 17354 1985 2291 8896 33324 3015 -1
18470 -1
1155 -1
8199 3012 1308 -1
3043 1259 15653 3015 8199 22727 2938 27862 732 2718 25960 27909 -1
1747 2231 1259 1155 32678 -1
21413 13116 -1
3015 14093 -1
1155 9545 9660 -1
21413 13116 -1
1259 -1
596 -1
37772 -1
3015 -1
13938 3037 457 732 330 341 14093 3015 41631 -1
1155 17351 13023 21413 18395 3015 -1
22746 -1
18352 13894 8769 24311 21109 8691 32835 29859 15515 2572 34234 8896 -1
37316 31227 732 451 29196 732 3436 18395 35709 3015 9027 29756 2572 31264 -1
2170 1882 2297 10477 -1
18470 -1
21413 13116 -1
14232 2913 18352 23542 17732 3025 13116 3015 732 1194 732 2590 25852 2938 22631 46310 19486 27372 -1
887 596 -1
20482 1775 -1
20482 3154 -1
21635 950 16912 -1
31736 29789 7960 42234 19218 29435 3015 16898 -1
2170 1882 2297 2231 1259 37341 32563 29861 21635 950 7463 3015 1416 479 732 -1
2170 1882 2297 24878 -1
1715 -1
612 -1
1407 596 3325 945 2859 3844 4165 443 32535 -1
1155 3015 11990 -1
16037 2572 49744 2938 1259 3017 368 8202 3015 -1
37768 31703 -1
1155 920 1259 596 -1
20364 31703 -1
18351 -1
26819 37297 48842 31703 -1
7548 653 3025 -1
3500 3835 27048 1109 31703 -1
31582 2312 477 -1
732 8857 14572 -1
2170 1882 2297 24878 1259 596 2397 457 5365 1429 3233 3956 3015 -1
18640 3015 9999 21442 28361 -1
11039 1259 21413 37234 25607 500 5426 3015 34703 -1
