19980624_0700_0710_VOA_MAN
06/24/1998 7:05:43.73
06/24/1998 7:06:22.56
50044 28278 7570 40526 1159 2091 1747 26763 2155 1159 4072 50852 350 40819 1926 2722 1036 22631 26273 2572 47292 8994 3015 15544 -1
1159 2091 1747 2913 1926 2722 1036 1200 -1
27647 17442 3302 8946 2155 1159 4072 30457 -1
596 508 14893 -1
21413 15397 26000 3301 1926 2148 596 2155 1159 4072 16517 1565 2033 1277 2998 1745 2572 50852 350 40819 24022 26155 -1
508 1259 9092 24702 2155 1159 4072 34670 32692 3015 14452 20306 3015 732 33748 -1
26000 3301 1926 2148 1200 -1
2155 1159 4072 14177 11070 29978 3025 1985 27976 16901 -1
