19980403_0900_1000_VOA_MAN
04/03/1998 9:28:49.24
04/03/1998 9:32:21.05
8594 7689 432 36482 596 10736 16519 21818 33624 38478 9283 3015 36960 16513 26147 -1
1312 596 10736 3015 732 870 18391 7570 31581 508 3103 26147 596 21478 13894 1330 3015 15427 2345 33144 2913 8594 -1
15418 1259 2913 13587 18391 13894 3015 27959 -1
13320 36431 21413 37234 25607 35601 3981 23125 3100 21818 35669 3015 34703 -1
8594 7689 432 36482 1259 732 2237 43990 39153 9148 21109 16743 11045 29686 10736 37431 3015 8594 40819 -1
1155 35548 3015 1759 3015 1259 33624 596 9245 24022 3015 36960 16513 26147 -1
33886 1155 35860 2572 10736 8994 3015 48863 32038 16231 28226 27959 3015 13894 -1
21818 3015 732 870 18391 7570 18329 -1
34802 10736 596 1730 3015 12111 50171 27646 -1
25735 23136 2913 8594 3015 21478 -1
4333 8594 8994 47041 3015 16737 651 33892 -1
1312 596 10736 3015 13587 7764 9793 7570 2231 3183 508 451 27916 -1
3500 2022 1358 -1
44423 1259 508 2718 18391 7570 3015 42450 -1
1153 1200 -1
13877 3318 3302 29861 644 8594 8994 30301 -1
3043 508 8775 596 16231 27916 29636 13219 479 5115 24022 -1
13877 1157 31581 3015 1259 50171 27646 2572 8594 24488 21478 3015 23522 -1
491 596 11674 8626 27647 17442 3015 19972 37230 -1
2878 508 451 17239 491 1259 13877 1157 892 15045 3015 -1
13877 12950 3025 32151 732 2237 2237 961 1715 11045 2231 18638 33853 3015 1282 1262 34931 23100 405 1262 1959 1076 2722 2908 1435 2433 3844 3805 -1
13877 2500 13502 23677 596 30258 8594 8994 2572 13587 22106 8994 15544 29762 10340 24485 -1
10736 8994 27924 1200 -1
10736 8994 8999 3318 3302 1259 596 21478 2572 18391 479 457 8775 12021 1551 732 -1
15648 8813 -1
10736 11070 596 30258 28940 8594 3015 18391 25618 29762 18663 1985 13069 3015 32899 -1
8726 13587 29762 -1
44709 43867 2777 8227 3017 2033 2148 -1
2866 1551 1109 886 732 2397 10736 30868 14748 -1
8594 11070 14881 1424 50171 3015 1374 991 31744 3025 13587 7448 1560 732 444 3015 29686 -1
1155 1200 -1
508 1374 991 31744 2345 596 38734 19233 13587 -1
508 2345 1259 13587 1068 732 3103 713 9241 3015 12335 2913 13877 23771 -1
13877 13023 508 1374 991 31744 33915 657 25915 24831 8594 27924 -1
30133 2500 657 25915 644 13587 18395 3015 31622 24981 -1
15648 2345 657 25915 886 16761 24628 15648 3015 50216 -1
885 31744 29686 508 732 2045 3015 12335 2345 1259 23771 8594 3015 7549 34855 479 732 -1
3500 2022 1358 -1
44423 2913 48227 3015 20253 1269 1054 13587 479 844 34179 26463 -1
644 3107 14893 -1
739 2913 43120 24177 20539 7764 3015 2572 15648 9914 24973 3015 43071 15546 34179 26492 -1
1155 1200 -1
732 3436 2085 1200 -1
13581 2913 13587 3015 29686 37316 10789 27647 17442 3015 27954 -1
18500 1155 653 1200 -1
27976 3015 13894 1259 43120 34364 23908 28329 9211 3015 886 16759 34698 15648 3015 25215 -1
2878 3302 1259 1004 1985 31225 29374 3015 17685 27102 2878 32707 34698 3015 20568 -1
