19980506_0700_0710_VOA_MAN
05/06/1998 7:07:52.71
05/06/1998 7:08:26.93
30628 28068 38481 596 2625 2958 2390 1407 15003 2000 15249 11727 926 59 -1
21387 2913 1407 627 3015 26134 739 32518 13353 -1
30628 1407 2257 28069 47161 13353 3445 2827 479 2875 2989 1374 -1
713 732 1024 13678 2000 3445 1190 39573 16590 -1
42546 1200 -1
30628 28068 13353 1259 10900 18396 2913 18316 3015 10817 28826 31580 -1
38481 13301 -1
21387 644 1407 627 3015 26134 1004 732 21387 30331 732 3445 1374 44613 1374 1944 1407 627 -1
3367 38478 1077 732 16904 13353 1985 22259 1944 1944 1407 627 -1
