19980624_0730_0735_VOA_MAN
06/24/1998 7:32:55.89
06/24/1998 7:33:36.62
49949 40819 50017 24806 1985 20594 3015 32233 -1
49949 3015 732 991 27924 38481 1200 -1
50017 1259 596 732 2817 853 457 12085 17586 23926 3015 -1
508 2817 853 596 49949 18598 38925 1330 12081 -1
508 991 27924 1200 -1
18598 38925 2715 50017 2000 2718 12385 3015 16904 37331 855 20594 -1
13153 33750 2345 25590 22159 -1
8857 18349 662 1207 24803 15648 1278 14122 -1
18598 38925 11579 744 596 3379 12385 24022 3302 45862 -1
10900 49949 31446 3383 8790 3082 596 29122 12292 -1
