19980520_0700_0710_VOA_MAN
05/20/1998 7:00:38.68
05/20/1998 7:01:14.47
50354 732 1788 48863 1200 -1
855 3015 8976 28952 38925 32861 21040 2339 596 38480 28361 -1
508 1788 27924 1200 -1
508 2718 14095 2345 12037 7807 3015 40819 -1
34033 1004 38925 3015 28421 24488 35249 -1
39279 7680 38486 1200 -1
1155 2345 596 24488 12037 8896 18481 -1
1155 2500 31991 25164 732 2718 19505 12037 28952 2866 3015 38925 -1
50354 16519 38383 20818 2559 19774 -1
42655 40819 1742 3981 26763 18651 10022 25634 744 24488 3015 43226 2857 8994 10386 -1
