19980611_0730_0735_VOA_MAN
06/11/1998 7:30:32.18
06/11/1998 7:31:02.93
596 10757 13589 2674 2433 2091 1109 3426 38486 30002 3015 40756 457 15945 3015 18380 -1
28516 906 596 3015 14849 732 28220 961 3445 13674 1416 -1
3043 1259 27924 1829 31581 46439 2500 2471 17592 -1
10900 36471 2421 3445 1416 45977 -1
10477 34663 9608 11727 16107 2572 19689 -1
906 596 2500 13812 24495 43255 16435 31011 -1
23870 3015 45260 491 596 886 44801 23430 16868 -1
24115 18366 1408 596 17432 24495 732 870 19896 3015 31011 -1
