19980224_0900_1000_VOA_MAN
02/24/1998 9:41:45.25
02/24/1998 9:50:16.09
33169 732 1278 3015 8976 26391 12734 -1
2491 2448 -1
3015 7441 596 1282 2273 13587 8896 12590 732 3298 855 332 21006 24842 -1
15188 -1
13587 3015 21001 -1
644 3107 14893 -1
508 1788 2508 1788 -1
34759 -1
30066 -1
2491 2451 -1
3015 7460 596 12501 25722 32595 37224 -1
28329 1985 7807 3015 9211 12252 -1
13320 1259 21413 37234 25607 530 1741 3100 13003 35669 3015 732 1604 34703 -1
1555 1715 1521 21085 43406 14633 1985 2913 457 2690 34474 11048 8594 3015 19264 37345 31878 10076 3015 8976 26391 12734 -1
2491 2448 -1
508 3298 7452 21161 596 34184 3015 29890 8887 -1
18402 34650 -1
7868 23340 -1
18367 15557 -1
9100 33809 3015 8594 17442 7542 34474 3015 28052 -1
1154 596 27441 32595 11048 33905 9717 -1
3318 596 8594 27924 2572 8909 29435 457 21261 22136 -1
2491 2448 -1
33878 713 31878 3015 10076 2572 22770 3015 18831 13528 379 30439 -1
30133 1154 20769 35584 17326 17934 3015 16323 -1
34759 -1
739 732 476 19353 379 30439 3015 41997 -1
34759 -1
2875 366 2231 1259 34751 21261 3015 -1
34759 -1
906 596 7441 34759 596 1155 3015 12501 -1
15188 -1
13587 3015 21001 -1
25722 32595 37224 -1
28329 1985 7807 3015 9211 12252 -1
1155 2231 1259 8594 31787 7460 1022 2022 835 -1
1022 2022 835 596 35146 20482 32604 9545 32595 2620 49599 -1
15207 479 1832 -1
1155 2500 1259 26358 19863 3015 13244 -1
567 651 732 2237 43975 31173 26358 3015 9950 -1
32839 7760 3015 21828 2870 369 596 26358 1330 19863 1190 2718 612 -1
31432 -1
8594 18964 3401 -1
2938 713 1155 3015 1109 2022 2934 844 333 2620 34703 -1
30137 10798 1985 1221 3107 19863 26358 2572 33244 3015 24032 -1
2491 2448 -1
32595 11048 -1
1022 2022 835 3343 23728 12581 -1
15188 -1
13587 3015 21001 -1
732 1237 -1
1155 13254 1282 3103 2273 3274 -1
33878 357 3337 1985 13587 37500 -1
30133 15526 1985 18971 -1
15930 -1
28860 -1
9820 24222 3015 15653 3274 1459 -1
7542 14633 1985 508 33750 3073 1190 16973 366 3015 30802 34698 -1
15188 -1
13587 3015 21001 -1
2345 662 21085 43406 651 2875 9858 596 13003 -1
15605 -1
38522 -1
21413 3012 2999 32595 29987 -1
2220 2171 2620 -1
15188 -1
732 1237 3015 8594 -1
16912 -1
9852 37488 2737 2872 1974 24628 -1
508 3379 1237 15742 21442 15357 18352 24685 13587 13894 3015 29779 -1
3043 1259 -1
1154 3100 8976 -1
21108 -1
7727 -1
13966 -1
17442 -1
22676 -1
24310 20743 12457 3012 2717 2718 29762 2913 13587 13894 24488 1985 19667 -1
15357 1985 732 2718 18564 3015 23205 -1
16803 11036 25355 30294 3015 22642 596 1551 23205 457 32874 10633 3015 22438 31225 1072 732 -1
855 2231 855 596 1154 20537 33134 11041 3015 29759 -1
35545 45601 2572 21108 3015 30294 508 2718 24921 -1
2223 2718 22646 -1
11041 15547 8594 1259 2801 2913 13587 10609 8229 508 2718 13894 -1
22106 8994 508 732 29762 19153 3015 1259 13587 7809 2231 1259 30457 3015 -1
3043 1259 -1
3100 8594 8994 -1
3100 34616 8994 508 29762 23079 3015 2507 19153 7809 13587 2231 1259 16315 8594 -1
7441 1022 2022 835 19153 8229 508 2718 28921 1259 24464 13581 3137 24498 3015 -1
33852 28926 28137 3015 30638 3015 2625 644 2625 8895 3015 27960 -1
15654 744 3455 13581 3015 508 2718 28921 36704 596 28137 3015 30638 3015 2625 644 2625 8895 3015 27960 1330 -1
2231 2471 32518 1207 2938 39343 -1
1207 2938 10356 -1
1207 2938 15891 657 28516 9244 732 451 7971 -1
1022 2022 835 14353 18894 864 13587 13894 3015 20648 -1
596 -1
973 1004 16875 744 864 -1
15188 -1
13587 3015 21001 -1
732 983 457 -1
1022 2022 835 1200 -1
2279 1407 3015 13587 34501 2231 1259 732 2718 23992 3015 21503 -1
34436 457 2690 14839 2715 13587 9608 9733 840 3015 26206 -1
3043 1259 739 1004 13587 31632 1985 596 13160 10984 1330 3015 33193 29978 -1
732 3347 1259 13587 32931 46865 3015 34265 -1
1955 732 3347 1259 20347 2572 20809 34770 1985 1528 3445 1715 3015 17221 29759 2572 17231 29759 -1
732 29762 1259 31792 3015 27342 7816 3015 671 1416 13587 -1
1955 732 29762 1259 716 596 13587 3015 27342 18373 1190 357 -1
21200 29053 29896 3015 21503 -1
1022 2022 835 21442 13109 23334 3015 14849 16261 2572 27219 3015 13938 7871 3037 457 -1
596 1155 23669 -1
13587 13894 16508 12133 24685 3015 1259 25960 18331 -1
1155 19153 24290 3015 37628 -1
739 2231 1259 2913 13587 3015 19017 24306 2572 15287 -1
1022 2022 835 9545 668 28534 29759 596 13587 21910 -1
14702 -1
19511 -1
11684 19863 -1
2500 657 36168 1259 7807 23785 21553 13587 -1
1155 596 33538 3015 20387 1928 1649 2580 2620 39274 -1
596 15937 2033 1463 2620 1179 -1
26166 2620 28534 25709 3015 8994 27924 -1
33687 2620 31440 3015 20333 2572 27699 -1
739 2572 31453 8132 3070 2620 33839 24997 -1
596 13587 3015 21910 1259 34445 25327 3015 -1
43762 973 596 19863 3015 27571 3037 457 -1
973 341 3233 3015 16904 1259 1944 1099 21442 35944 732 2718 1416 -1
732 2718 1259 35532 3015 1259 13778 1459 -1
732 2718 1259 31432 10333 31036 1259 30593 3015 10679 -1
2231 1259 20813 -1
596 13271 3015 16907 21442 1416 1448 -1
15654 1944 1099 479 457 33880 1416 -1
20767 1200 3148 1985 17221 1330 2559 25326 -1
19410 2559 30164 11037 -1
2500 657 2559 28173 -1
10481 596 13587 20754 2559 11738 3015 28653 30984 457 -1
2231 1259 20754 24337 1330 3015 11844 739 1259 2559 19156 3015 -1
1022 2022 835 3404 3236 1985 18196 3015 20967 -1
1435 26014 1985 34726 3015 2997 732 1252 7871 2572 28800 864 508 3379 1237 3015 7772 -1
11047 27917 13587 13894 3015 30454 16651 -1
34436 2913 3383 8594 27946 21160 3196 25800 11381 33584 3015 40300 -1
1022 2022 835 1200 19573 21442 20767 23540 -1
13587 3015 7727 1153 1154 31147 2338 32223 3015 -1
3100 973 1157 1985 2291 3015 18828 23079 -1
43243 31440 15655 9242 22187 2452 40299 -1
15648 2913 13320 3015 1416 10702 2500 1172 1259 34445 2572 865 3015 -1
2231 1200 596 13587 17442 657 9244 732 2718 13149 -1
1154 15742 1259 732 2718 24781 17442 -1
10481 596 1154 3015 36318 -1
3043 1259 1154 1259 732 2718 21442 48032 3015 17442 -1
1154 3015 24781 8895 3015 12629 2572 37210 1259 2160 7727 2085 14364 3015 -1
20767 18396 732 3436 23079 508 2718 16454 1416 18329 7807 16454 1259 10900 1790 1157 23926 3015 -1
508 732 34599 3015 16454 1259 1004 926 732 34599 3015 12165 -1
15654 15648 1259 28859 1448 18357 508 732 34599 3015 16454 -1
2878 20757 17667 3015 1416 1155 732 3436 3015 28921 1259 973 508 732 34539 744 2442 3020 -1
33805 333 2505 1261 744 37346 1261 -1
20767 926 732 34599 33711 2710 2587 3015 1044 1298 -1
8594 -1
16912 -1
9852 3015 37488 2737 2872 1974 10092 -1
15188 -1
13587 3015 21001 -1
732 1237 2471 596 10369 13587 3015 22676 2572 14059 3015 11726 457 -1
596 457 2690 2572 32006 22106 8994 13151 8976 33472 3012 2717 2718 3263 1803 10789 23992 3015 9088 2572 502 1131 -1
8726 508 3379 1237 596 12581 1330 3015 15399 -1
2737 2872 1974 1200 -1
973 23931 7489 1985 31792 3015 16827 2572 22746 1197 3339 3015 35823 3015 24717 -1
657 35822 16849 -1
2559 17226 3015 28052 -1
20537 38785 1017 926 2933 -1
653 657 2559 19138 3015 28815 17934 -1
28815 22597 -1
1022 2022 835 7596 17824 -1
732 2237 961 1374 1715 17176 33257 -1
29037 2938 1259 42234 3015 28904 -1
13966 43233 19612 -1
1022 2022 835 9545 13298 33441 -1
732 36037 1374 1715 7448 42291 11977 24495 25813 28430 31703 19372 8089 11982 -1
34384 2535 -1
13254 596 33257 2997 732 19372 37707 -1
2572 26732 3015 2997 2875 19372 37707 28421 -1
732 2237 43989 14530 657 15284 -1
713 45046 510 3015 17395 32128 12581 -1
1022 2022 835 596 24808 21413 37234 8112 3015 16907 1200 -1
2491 2448 -1
32595 3015 16907 -1
36194 16743 2746 27536 732 1715 2903 -1
8594 3015 8976 19417 2500 2559 24536 -1
35523 35244 23606 -1
1155 23926 16792 2508 1788 -1
2560 -1
596 -1
25230 8976 35696 716 1461 23228 -1
1155 14881 28329 7807 3015 9211 12252 2572 17395 -1
11039 1259 21413 37234 25607 530 1741 3100 13003 35669 3015 34703 -1
