19980404_0700_0800_VOA_MAN
04/04/1998 7:17:41.41
04/04/1998 7:21:26.87
14128 22432 3015 36960 16513 26147 38478 596 21818 23740 -1
20253 27646 40819 596 2471 1330 2913 11787 24310 2572 24583 14177 34179 1985 28727 8417 34033 21072 34179 744 8946 23145 457 3015 11787 24310 30410 20646 -1
33886 20253 27646 3318 21442 15348 30221 7874 -1
11787 27646 40819 10907 18329 20253 3015 8946 3025 20818 14122 8217 1259 44776 3015 -1
20767 2343 1099 1470 1722 2085 24628 732 926 20253 27646 2913 11787 3015 24310 2572 24583 14177 3015 15565 27270 -1
2587 -1
596 508 3103 20255 16513 26147 9283 37224 -1
11787 27646 18318 21442 34975 24310 2572 24583 14177 3015 10640 -1
31622 50171 1898 474 8221 10736 8255 26147 3015 10736 16507 44120 596 41213 1330 1200 -1
596 20818 508 2718 27976 16901 -1
20253 3302 10702 20127 11787 -1
44120 2500 15357 12133 15427 3015 1190 2718 13894 -1
20767 11787 27646 40819 35654 657 39538 3015 34179 1732 -1
16464 13174 34703 3015 1259 18316 16507 36412 44458 3015 25079 -1
36412 596 41213 1330 1200 -1
1155 2471 33676 732 1490 34363 3015 32035 2085 9159 18316 24310 -1
1155 2500 34179 -1
11787 3015 24310 16848 1259 2559 1507 3015 -1
508 3237 24583 14177 341 11727 3015 24782 11070 27536 -1
13877 25722 36229 855 3015 33759 -1
36412 2500 1200 -1
18316 2345 33676 34363 3015 24310 32035 2085 9159 24310 -1
14893 886 19572 11787 27646 15348 9981 -1
15596 7689 3140 2019 1659 1200 -1
732 870 11070 596 23771 16678 29762 45502 3015 29978 8594 2397 -1
3302 10702 3383 20818 3015 11787 24583 14177 1157 13266 -1
2710 3302 10702 3455 508 3237 14177 7448 29367 16678 3015 24638 -1
27414 855 8994 2913 15596 3015 22642 34179 8946 -1
3043 1259 47466 2572 10752 2913 25480 24310 37504 3015 33759 3183 34761 15565 -1
508 2000 2718 27646 3015 27924 28826 13812 14881 508 3103 16513 26147 7931 596 34376 1278 30066 3015 27957 24583 14177 17257 457 3015 32037 -1
20767 28797 1722 15547 20253 27646 2913 11787 27646 34179 8946 -1
34834 34975 24583 14177 3015 10640 -1
20767 20253 27646 657 16875 23979 3015 12320 1732 -1
657 -1
33886 9242 12320 469 1259 44776 3015 -1
50171 27646 596 10736 3015 33152 926 -1
25164 1985 34834 11787 27646 34975 14177 3015 12402 25944 -1
3043 1259 8768 10736 34179 15348 961 3445 1024 10742 -1
44772 31677 3462 3445 1024 21387 -1
19572 27646 2500 21442 29835 -1
11787 27646 10907 18329 -1
508 2989 1523 469 1259 44776 3015 8946 -1
20767 33624 26147 3015 40819 1259 3302 1259 2471 19303 16875 12620 26003 30066 16875 17257 1732 -1
33624 26147 3015 40819 2345 19967 732 889 26763 7764 21478 -1
11787 27646 18587 16836 28952 11047 28945 27647 25995 15293 3015 17257 -1
17257 33502 3015 32037 34445 22880 -1
18329 18176 3172 2821 16836 34363 3015 28952 -1
11787 24583 16678 2231 20537 13910 13328 -1
2587 -1
38535 -1
2343 1099 -1
