19980605_0700_0710_VOA_MAN
06/05/1998 7:04:50.58
06/05/1998 7:05:54.89
49949 1416 22190 50017 34179 -1
41840 31446 11070 32812 -1
744 32083 10369 38193 926 732 24782 3100 37958 13592 33030 3015 23926 -1
596 49822 11041 7469 -1
50017 1259 7651 44049 28541 16519 8896 -1
38480 14327 596 35932 2913 25607 1200 508 2864 2507 3015 -1
1155 9715 30258 41840 -1
28329 21413 27957 38193 3100 9902 8727 3445 479 16975 3015 14683 1330 33030 3015 2572 1583 25634 -1
38193 7689 50887 38480 34179 -1
15544 11070 18663 1985 2913 2717 2847 2938 10355 3015 24485 -1
3043 1259 1155 3302 2144 14748 13416 -1
37157 16907 -1
38193 27614 3401 -1
30066 1985 2220 1200 1259 41840 15363 3015 18569 -1
15363 11408 7542 2345 37958 13592 3445 2827 479 15907 3015 14683 2330 662 49949 1416 23390 -1
30133 38193 33912 23135 38093 42880 -1
49949 29762 8959 1985 27614 3401 3015 34703 -1
3043 1259 21413 2572 38193 27924 34179 508 2821 15363 11070 27529 -1
