19980306_0700_0800_VOA_MAN
03/06/1998 7:04:44.41
03/06/1998 7:05:54.27
21413 2572 38882 32011 596 2572 1583 22655 27199 29762 24488 27087 3015 12628 508 2718 12628 1259 38882 7680 2123 1551 3805 2572 21413 42073 3469 3596 3301 2084 1109 38478 33490 3015 -1
3469 3596 3301 2084 1109 20818 596 25949 29686 -1
508 1259 1153 1555 2625 479 844 3015 2997 732 532 -1
21413 27924 1200 12628 32011 11041 -1
38882 7469 16357 21261 34742 -1
3302 2471 886 42763 32528 38882 17231 3015 4070 21832 -1
2878 9242 4070 21832 -1
42763 744 10528 11164 3015 3301 869 2570 3596 48486 -1
21413 732 476 17432 744 38882 33805 34834 11164 12368 3301 869 2570 3596 48486 -1
10900 21413 31581 11164 23542 596 16627 29978 41969 -1
3469 3596 3301 2084 1109 2500 34742 744 20306 9092 1424 2148 2079 25464 -1
1407 2625 31326 23390 8691 -1
9241 21413 2572 38882 2231 20537 596 15579 25674 22188 24488 27087 -1
