19980403_0700_0800_VOA_MAN
04/03/1998 7:28:44.44
04/03/1998 7:35:40.81
38481 13301 -1
44050 443 22586 49314 3015 29955 2084 1109 12085 24002 17292 18788 20284 23392 44394 7680 3015 47384 -1
38480 21413 2717 3068 34677 2938 2231 508 2356 1261 30066 1985 17440 -1
13320 36431 21413 37234 25607 500 5426 9496 24628 9242 17440 -1
41840 10474 19718 1200 -1
29955 2084 1109 24002 17292 18788 23392 44394 7680 840 17951 3015 35190 -1
22743 1259 -1
24076 18788 20284 1157 8805 3015 732 732 16318 -1
739 33852 29196 42670 22644 17292 840 17951 3015 11408 -1
15654 21442 24488 17290 3015 12133 -1
41840 10474 1200 -1
3379 3401 732 886 18329 18788 3478 3037 457 8727 10333 33748 10702 596 29938 1330 493 2718 18894 -1
33886 906 596 2084 1109 29955 24002 17292 508 2718 35186 739 657 732 870 27282 -1
1747 2231 1259 33227 11045 10900 3107 3478 2878 30002 3015 16231 13054 20949 3015 26103 33295 -1
8727 9671 2731 732 30362 -1
9241 16803 15418 30802 624 3981 1152 3596 23526 854 965 1649 6367 2999 2913 44394 7680 24488 45851 33748 3015 30802 -1
10474 1200 -1
2559 21064 3015 1259 44394 7680 11070 680 1985 732 3103 8439 3015 8976 17105 -1
3043 1259 37191 17105 3318 21442 28957 15418 30802 624 3981 1152 3596 1157 491 596 30802 3015 16730 -1
34802 17446 29694 15984 -1
14084 11047 19572 13894 -1
2710 33925 1200 24685 9242 13894 1985 -1
13877 25426 508 2231 10702 1259 926 732 2718 33754 1985 -1
11039 1259 41840 10474 17440 3015 9496 -1
40661 36567 3015 17440 1200 -1
2084 1109 29955 3015 20155 25373 10354 -1
8217 1259 18788 20284 14057 15357 32725 8963 8962 1153 596 443 8994 3015 28421 10477 1153 24002 1985 7680 2878 16464 33865 10640 -1
40661 36567 34033 18329 -1
596 2084 1109 29955 33797 17292 3107 3478 8896 -1
21442 1985 18788 3478 -1
2231 44676 15655 29694 15984 -1
14084 2572 24876 14084 3012 3012 7535 1985 -1
15742 906 596 13894 2500 21442 1442 1985 -1
3043 1259 15418 30802 624 3981 1152 3596 3015 32635 11070 3068 1004 25245 -1
44394 3015 29860 9561 1985 -1
47953 -1
40661 36567 3015 24709 1200 -1
44394 739 3302 2471 49973 2999 18931 27560 -1
1442 16761 30272 1155 596 12111 1261 1330 1259 2801 32826 5226 39447 3015 13894 30002 1985 26492 -1
2345 2471 10567 22040 1155 3015 22676 31000 -1
11039 1259 40661 36567 17440 3015 9496 -1
50170 19718 1200 -1
27957 18788 3478 -1
3379 3401 3015 17440 12914 8211 34364 24311 14348 653 28316 3015 15984 32835 -1
3379 3401 30272 2084 1109 29955 24311 16707 32835 -1
2425 2197 33725 44394 35186 3015 20818 37191 24719 28826 21579 -1
50170 24795 1200 -1
37191 33721 739 10988 379 15418 30802 624 3981 1152 3596 32809 3015 11845 28482 9566 -1
744 1155 582 1407 14364 1155 3015 30802 28421 -1
44394 17446 29694 15984 2231 8820 3551 3255 18894 -1
43762 1259 1207 24876 732 1788 8960 18057 3012 3012 -1
50170 24795 1200 -1
2690 2572 3035 29762 11408 35066 15000 32623 3981 1152 3596 1259 9027 3015 -1
44394 739 10702 15000 22655 12282 15400 2085 26700 1155 3015 8191 -1
1269 15648 33925 18583 16057 16737 9209 -1
33919 -1
44394 3015 1433 596 12870 1155 3015 29942 21708 29762 657 1985 732 31893 3015 24485 -1
13877 44118 1155 44293 35102 22655 9464 596 1155 21189 3015 22185 732 2718 2710 8439 3015 25915 -1
1747 2231 1259 36152 732 870 12292 3015 27773 -1
16301 22214 35703 2572 2957 926 24970 3015 34203 -1
33915 16500 -1
30133 18520 1259 18396 3015 23704 -1
11039 1259 50170 17440 3015 9496 -1
41840 36567 19718 1200 -1
2220 44394 7680 3015 42680 1875 36097 1200 -1
44394 2746 15045 1155 3015 21896 3439 1730 1109 14929 1155 1200 2084 1109 29955 11070 23926 3302 17292 18788 3478 3015 16907 -1
1155 2500 713 1004 1259 3439 1730 1109 2713 1155 2180 10265 2299 3015 14377 -1
41840 3015 12111 1416 739 2938 657 14884 3015 28819 -1
41840 36567 1200 -1
29955 3015 20155 1259 1200 -1
25714 18788 1200 3015 1442 1259 505 3015 -1
28516 44050 443 3015 29942 -1
739 9919 13812 28202 11727 14169 3015 15128 -1
41840 36567 1200 -1
18176 28516 44050 443 3015 29942 -1
18788 20284 36667 8449 2938 33832 1259 22181 29392 3015 12292 3015 2507 -1
17276 3293 1172 1732 -1
33886 -1
11144 3015 1259 -1
18788 20284 1842 1728 15357 1269 1416 12415 3015 8963 8962 1153 9651 3015 14832 29196 840 17951 3015 29958 34203 -1
41840 36567 18329 44394 7822 508 11070 8962 1155 21442 3075 -1
3043 1259 29955 3318 21442 2913 18788 8805 44394 2717 2989 3015 16826 20568 25457 33719 -1
2084 1109 29955 37725 20158 9242 8805 2500 33784 713 21574 17290 3015 11408 30130 -1
15654 44394 1259 3302 20537 7822 508 2231 7607 8962 1155 1259 2913 3015 -1
41840 36567 24795 1200 -1
18176 15418 30802 624 3981 1152 3596 20537 8962 44394 3015 1433 29805 29694 15984 -1
14084 2572 24876 14084 3012 340 3015 2507 -1
1747 2231 28202 17290 3015 11417 1985 -1
18788 3478 3302 1259 732 870 48245 3015 876 1261 -1
25714 44394 906 596 11070 21442 1985 18788 13894 3015 29875 -1
44394 2913 1155 3015 19572 12292 -1
2913 19572 20277 3015 8805 2938 2500 1259 12133 29013 -1
12133 24998 3017 732 1474 2875 3147 3015 -1
9242 16737 9209 24073 2160 3981 1152 3596 2085 1644 2714 978 3001 2999 3255 2718 1206 21740 3153 1985 -1
508 1259 41840 36567 17440 3015 9496 -1
11039 1259 21413 37234 25607 500 5426 24628 21413 8217 34677 30272 29955 2084 1109 12085 24002 17292 18788 23392 44394 7680 732 3478 1157 30066 3015 17440 9496 -1
