19980403_0700_0800_VOA_MAN
04/03/1998 7:04:19.75
04/03/1998 7:05:23.17
27647 25995 25944 7570 42473 2829 1318 3596 34179 -1
2713 50354 32011 3015 855 12628 23542 596 45978 19303 -1
2829 1318 3596 1259 38478 596 787 2399 3073 26166 10752 7680 39279 479 26788 25607 30066 25079 3015 -1
1155 1200 16231 596 25697 15653 3015 13894 1330 2938 657 732 4332 3015 23676 -1
3043 1259 10752 15991 33744 14550 23991 9488 3015 13894 2500 1259 21442 24685 -1
18176 32011 12628 -1
27647 25995 25944 7570 2345 30051 17998 709 21387 3015 29467 9981 31602 -1
508 3365 31602 596 1330 2718 612 457 2918 -1
457 2918 3015 9999 1259 23606 3025 10752 3302 9914 8828 27647 25995 25944 7570 3015 28952 29779 -1
27647 25995 25944 7570 1004 10752 24310 28952 29779 15348 1190 3445 709 21387 3015 31602 -1
17998 709 21387 1259 27647 25995 25944 7570 2997 2875 3103 30051 3015 31602 -1
10752 7680 39279 18329 27647 25995 25944 7570 3015 28952 29779 27517 11736 -1
1190 3445 709 21387 3015 31602 1259 2572 28952 29779 22565 596 732 1542 3015 -1
