19980303_0900_1000_VOA_MAN
03/03/1998 9:36:17.89
03/03/1998 9:38:52.30
8594 18598 1416 3068 2237 2284 732 3103 26147 35961 38480 9283 -1
23059 18598 28544 3015 2269 1374 1528 1788 31622 26165 34616 -1
33624 508 3103 14128 2000 2718 12385 3015 26147 -1
21413 37234 25607 2571 362 3483 35669 34701 1200 -1
33624 26147 3015 48800 3015 31622 10092 2345 2231 8439 46892 2572 25467 8594 29928 3015 10369 22637 24488 14798 -1
13320 36431 2571 362 3483 3015 34701 -1
508 3103 3025 34616 33624 18598 1416 3068 2237 2284 732 3103 26147 3015 28220 30085 2237 3445 19587 2237 1788 31622 -1
15648 3037 457 657 23059 17824 3015 755 1055 44946 -1
23059 22389 3015 37527 42295 -1
26726 3015 14009 28421 510 -1
40364 3015 3083 43054 16365 -1
26732 3015 19448 2397 -1
2500 657 20393 26207 37500 3015 40431 22190 -1
24559 3015 18598 1416 3068 2345 15418 8216 20462 13894 -1
10092 596 25722 9283 3015 1416 3068 26147 1330 -1
12085 3015 855 8994 32861 3015 19772 20462 744 3367 11036 18352 732 2284 8994 2938 744 20455 -1
35409 1416 3068 31622 739 29834 1985 508 732 18720 -1
35409 31622 3015 19772 20462 1259 13674 2875 1167 -1
3367 18642 876 1985 732 1167 -1
341 20455 3015 31622 8768 30081 1374 1167 -1
18500 20462 37336 3015 31622 1259 3462 44611 -1
24435 732 870 31622 657 508 3302 11889 3015 34590 -1
15648 23542 3302 1259 48720 -1
3043 1259 11726 1416 3068 3015 18384 3286 30696 34179 -1
43243 31622 18318 1259 48720 -1
1747 6987 -1
35212 11036 3015 -1
41442 3015 31622 1259 -1
3286 30696 2913 25607 1200 -1
23873 31622 732 28220 2875 3445 13674 1416 -1
3068 37136 31622 7683 3015 3445 2827 479 1282 -1
28966 31622 1259 1944 3445 13674 1416 25697 534 3445 2827 479 30081 2875 -1
46741 31622 3068 37136 3445 2827 479 16974 -1
8594 961 16972 2718 46741 2938 1659 31622 33624 35409 1416 3068 -1
24554 1416 3068 3015 341 8217 10946 2572 20826 1259 46892 -1
8594 27946 21429 3015 34701 1200 -1
596 24559 3015 1416 3068 31622 457 3445 2827 479 19587 1259 855 569 811 3015 -1
24559 2500 9561 1985 2000 2718 855 3015 43120 -1
15648 1259 8422 43120 2572 13003 12282 15401 43120 -1
8422 1259 596 18642 3383 2958 1004 37750 3015 -1
13003 43120 2710 45554 -1
13003 1259 596 18642 -1
612 26253 8594 3015 -1
