19980531_0700_0710_VOA_MAN
05/31/1998 7:00:40.88
05/31/1998 7:02:00.73
44054 27924 2572 9986 27924 18329 657 36621 1416 596 44054 34628 38483 2872 3015 30988 457 36512 -1
508 3103 30988 3015 9174 1004 36139 1555 2424 -1
657 12852 9983 44054 38988 42486 3015 26509 -1
657 38836 1416 15945 -1
2878 23390 3015 30988 9731 3015 2857 44667 22572 42680 573 18329 46439 1004 1374 1528 1416 -1
40889 1200 -1
40889 596 44054 3015 31622 739 34703 1200 23542 657 1374 1528 1416 3383 1877 596 30988 10789 3015 26572 2572 14485 8887 -1
3043 1259 40889 2428 19571 27647 9986 18366 1200 -1
10477 30988 30002 596 19896 3015 44054 34628 17796 -1
20818 25697 13812 8959 17726 18380 -1
40889 414 45624 43864 491 596 16627 886 30988 9731 20184 29618 -1
22185 1155 2500 596 17432 1659 37752 1448 9731 -1
11054 2710 18222 24495 20757 448 9731 2572 34324 31011 -1
508 3103 30988 3015 501 457 2231 596 24559 30073 44054 34628 30002 3068 30988 3015 1077 732 31011 -1
657 40857 1416 596 1330 732 3103 30988 457 15945 -1
7546 508 3103 30988 8896 -1
2500 30002 1985 732 13436 3015 10245 -1
596 2875 3445 13674 28325 11043 3015 41240 11047 22278 49951 3015 12111 8217 32931 2938 657 501 2750 -1
