19980610_0730_0735_VOA_MAN
06/10/1998 7:33:37.41
06/10/1998 7:34:20.73
50354 24115 18366 -1
3100 3383 31820 17524 3015 42902 2572 28191 8535 457 -1
11884 3153 8727 30081 2875 2218 16989 -1
1182 1832 3072 2089 2219 2740 1257 3015 24268 1200 -1
46439 23542 2500 2471 17592 -1
10900 12385 732 14327 -1
30002 31820 3015 16907 -1
657 25694 1416 2096 596 31789 457 -1
31446 2572 40434 1200 -1
657 35822 1416 -1
1259 596 18396 29344 36701 42902 3015 16907 3383 3290 1193 3015 -1
24546 43401 3383 1158 417 -1
8709 18828 2710 1004 11727 -1
31820 3015 19464 -1
906 596 2500 21442 33387 -1
