19980317_0700_0800_VOA_MAN
03/17/1998 7:12:03.83
03/17/1998 7:15:24.24
8594 9024 12085 21413 7680 44394 2345 596 1944 9858 2913 8594 24488 27619 29686 -1
34033 34179 -1
44394 3015 23085 2345 44870 28940 2000 2625 3015 27960 -1
1837 457 2000 2625 3015 27960 732 476 10477 13587 18391 2572 15605 3012 21106 13894 2878 16464 23141 -1
13320 1259 21413 37234 414 34616 25607 2571 362 3483 3015 34701 -1
44394 7680 35634 22071 19233 29686 8594 -1
1259 2913 41536 8221 18642 21413 479 844 3015 26257 -1
8594 38988 42680 432 3426 578 596 38480 3015 22648 12498 44214 1330 8959 1985 21429 1157 34701 3015 44394 2345 596 22071 29686 8594 3015 16053 -1
432 3426 578 1200 -1
29686 3015 13416 2500 10376 8694 -1
596 21413 2559 1246 27954 3015 732 2718 13894 1259 13587 3015 24221 -1
8994 42680 432 3426 578 597 732 3103 20010 1985 22106 13587 24337 22190 49441 -1
3043 1259 1155 1200 -1
13587 13894 1259 8594 3015 20599 16732 -1
432 3426 578 14970 29901 1200 -1
973 18329 13587 13894 1259 8594 3015 20599 16732 -1
7448 20599 16732 3302 10705 10640 457 1837 27960 -1
1955 732 2718 34352 3302 1985 3015 26508 1259 18175 30312 15605 -1
34616 18329 15605 1259 8594 3015 732 2718 1294 -1
432 3426 578 14970 29901 1200 -1
8726 15605 13894 -1
596 2343 8221 18642 16969 29686 21413 19612 -1
16231 11070 24085 24488 1985 32038 -1
432 3426 578 1200 -1
596 41536 2841 1837 19612 -1
21413 34742 7517 1837 457 2000 2625 1374 889 22581 28363 3015 9994 -1
28363 27774 8768 732 2718 8594 -1
2878 8594 8994 596 34616 -1
2000 2625 8895 341 21106 3015 13894 1259 18391 13894 -1
21413 23926 -1
596 40889 18391 38925 39892 26147 19612 -1
35443 8946 732 889 19971 8594 18391 25618 3015 41263 -1
8594 8994 35654 34179 26463 -1
3043 1259 -1
2231 8594 1259 2801 2471 596 44394 23085 8891 16684 37776 3015 13894 -1
38988 42680 432 3426 578 26263 15329 3015 16907 19153 1200 -1
34616 2572 41840 21442 32011 18352 24966 -1
432 3426 578 14970 29901 1200 -1
973 18329 508 451 24966 3318 3302 3082 596 -1
8594 1259 29927 27646 -1
10369 50042 3015 13894 13877 657 29942 27774 -1
657 2866 2150 727 -1
508 991 8994 42680 1200 -1
16684 18352 29806 2938 34364 662 8594 29942 23926 -1
2878 3302 1259 2171 44394 7680 23085 -1
18642 1282 732 612 -1
739 2231 1259 596 8594 27646 8221 41536 24702 2841 1837 8896 3015 2421 2718 12385 -1
8594 16684 1985 8202 3015 37776 992 36014 -1
