19980302_0900_1000_VOA_MAN
03/02/1998 9:14:31.95
03/02/1998 9:18:23.76
21413 2625 2471 3015 2421 991 8217 10944 886 44394 25150 1200 -1
906 596 33676 25634 14626 38208 40819 39857 -1
2536 1376 699 3015 16906 11070 32882 -1
15742 38208 7546 1077 40889 32011 3015 13703 25312 12620 -1
34352 1985 732 3103 23840 30297 -1
3043 1259 -1
21413 2625 2471 732 870 7870 3015 10944 1829 18329 -1
8769 39857 25590 9374 -1
9241 3015 12620 2231 27291 10984 1985 -1
15648 2500 18329 -1
13703 25312 14177 657 23542 32771 3082 596 -1
906 596 1732 -1
1259 33676 19572 32035 32451 508 2718 13894 3015 16907 1985 -1
13320 36431 21413 37234 25607 953 1815 2879 35669 3015 1955 732 1604 34703 -1
662 2847 620 35424 -1
40889 13703 25312 12685 42450 3460 1109 2057 13023 -1
18176 39857 20537 7517 7546 32011 3015 508 2718 12620 -1
508 2718 12620 2231 1728 32009 12650 -1
3043 1259 3460 1109 2057 596 21413 27799 28298 3015 35412 744 982 30871 2841 1135 8092 24756 457 -1
739 886 19572 24806 33687 3015 8107 20755 -1
2913 40889 886 38208 7469 3015 732 18485 28826 31581 -1
508 2231 1259 40889 14881 1424 38987 20061 13703 25312 18366 24488 25312 -1
3460 1109 2057 1200 -1
1155 1200 -1
3037 13877 3455 38987 2572 25312 18366 9285 3025 732 1542 1278 -1
13877 34364 8146 33852 19689 2913 13877 2085 1200 1259 29636 8401 3015 30613 -1
1747 2231 1259 3302 2257 14929 2231 24488 25312 3015 18624 -1
13877 3302 892 596 16740 43296 28628 15648 13877 24073 2085 25312 1985 -1
9241 2471 1269 25312 17051 10687 3015 1759 3015 -1
18500 732 870 2625 26147 624 1829 1435 18329 -1
40889 21192 3015 9207 13894 -1
3302 1259 2913 38208 24488 3015 13703 25312 -1
2878 1259 38208 7680 39857 -1
2536 1375 699 -1
40497 43557 36097 596 18598 27799 28298 3015 -1
1077 21429 25219 -1
30871 2841 1135 24756 457 1200 -1
36097 1200 13877 34364 28957 13877 2913 38208 3015 20826 -1
739 2231 1259 596 38208 14626 30464 -1
25164 21109 -1
973 23931 21413 10702 12085 508 1259 1155 3015 20826 -1
33805 9705 13877 3318 3302 19450 14626 39857 -1
34033 -1
10702 23728 7570 8946 732 2718 22106 8994 -1
18176 21413 3302 9241 333 -1
13877 2231 2559 1738 1269 21413 18395 31225 15648 13502 3015 44017 -1
2690 2572 3035 43557 1875 3731 2879 18329 -1
596 508 2718 13894 1330 -1
21413 11359 3148 1985 31555 33676 12320 1033 -1
21442 19572 2710 2587 3015 12021 -1
1875 3731 2879 1200 -1
1155 1200 -1
15653 20137 510 2938 29636 18894 3015 23677 -1
8769 39857 31437 -1
13877 2231 21192 379 23992 3015 15136 -1
3331 1014 1985 -1
1442 16761 8768 1155 9241 732 991 27646 40819 36168 30553 2620 43226 44582 13703 -1
3048 1582 508 732 2989 -1
2231 11070 1269 1155 2934 732 965 2875 1985 -1
21413 42073 50856 -1
39719 2913 2625 26147 2471 1829 1200 -1
35066 491 7931 1077 38208 42655 22597 24488 10334 24831 -1
50856 34179 -1
1153 19614 32518 732 2718 2535 39857 8983 -1
3043 1259 -1
7820 27440 9413 24702 11045 -1
15653 20070 10334 3015 38208 29861 22597 -1
3455 39857 2751 13306 3015 20306 2938 2703 2104 651 2100 -1
732 870 21413 43556 18329 -1
7820 39857 39719 1077 40889 32011 855 3015 13703 25312 12620 -1
32148 34975 1985 7546 508 3103 14177 11045 -1
1155 15891 13189 2710 19156 1985 -1
