19980311_0700_0800_VOA_MAN
03/11/1998 7:43:35.01
03/11/1998 7:49:04.89
28536 15025 -1
17262 10609 16761 1330 1374 19317 30439 3015 16912 8366 9743 -1
7546 596 20364 38860 3198 38165 24022 1985 32342 40137 8362 3015 18799 -1
32520 18799 3015 657 21413 7680 44394 -1
1521 15820 40819 35738 35128 2800 -1
11047 13932 15285 35741 8989 3012 2717 29762 18384 -1
44873 32953 1985 43776 7469 2620 15396 28244 3015 18375 -1
36431 21413 37234 25607 44880 3100 20364 35669 3015 34703 -1
662 1022 572 35424 -1
16912 8366 9743 732 2237 2875 1374 1715 32342 -1
508 732 23695 20406 1985 11393 31703 2000 2718 40326 3015 31878 17426 2572 18564 32332 713 8366 3015 12335 30064 7713 12498 -1
40137 1715 2085 -1
16912 8366 34703 1985 19574 8401 3015 16743 2572 33096 -1
16912 8366 19715 20480 48967 3015 7488 23728 651 732 2237 35664 1715 -1
31440 3015 29360 18375 1259 31555 35694 43158 3015 21413 42577 3255 2035 3981 -1
1974 3447 -1
2997 732 991 20480 1682 48967 1259 4072 2024 3981 -1
38533 -1
732 2237 1374 1944 1715 2453 811 -1
1004 1985 1153 -1
10736 27612 3487 3020 2515 3462 1262 33820 29662 1985 14258 -1
31456 3015 37273 45884 7448 15418 25577 32520 1985 18799 -1
15648 886 43776 3015 45278 8714 -1
567 596 732 2237 2237 2875 1715 3383 36362 20480 48967 3015 44394 7680 886 2997 1374 16983 2284 7680 21774 2786 34179 24213 9660 1155 596 35666 19612 10661 28534 15136 -1
44394 3318 34179 -1
1004 1985 2572 1583 644 35244 -1
1155 34503 739 23910 886 18352 14205 31116 -1
44394 597 732 3103 24267 38208 744 20054 40889 3015 13703 25312 -1
44394 7680 1200 -1
38208 34364 11697 732 4332 -1
16839 32812 -1
7517 40889 23914 -1
7515 21774 2786 7680 3015 32398 24337 -1
21413 2572 19572 21329 732 2958 25385 31303 -1
44394 7680 739 886 596 330 3015 40889 40526 35251 34179 1985 24213 -1
1155 596 14452 1330 36669 3015 20306 9671 34352 1985 21413 2913 38208 3015 23427 -1
44394 7680 2500 34179 -1
744 18589 12619 21774 2786 7680 32561 32344 3015 40889 -1
20818 -1
21413 2625 2471 25873 40889 3015 26172 3073 16970 21387 -1
44394 7680 1200 -1
7513 21774 2786 7680 3015 24337 -1
21413 34364 8946 40889 2572 19572 10369 25917 -1
713 34742 16761 2572 1583 644 29890 -1
508 2231 10988 379 13877 10702 8942 13877 10705 32818 3015 27113 29023 -1
15025 30272 44394 7680 3015 508 2214 2507 3405 713 9373 -1
44394 7680 3199 30081 16764 1004 7764 31216 3015 16764 -1
1155 8146 3025 21109 3015 19265 -1
3318 26763 15349 24261 -1
713 34742 21109 31209 17227 -1
36784 41646 18095 28298 44153 2376 7708 34451 -1
35716 9660 1985 35854 12248 3015 28244 -1
15648 1259 27320 3015 43345 -1
1004 18401 9413 2572 1583 11047 14935 31632 1985 23992 3015 34269 -1
1077 732 1099 37157 16907 -1
35716 2500 596 41840 886 2625 2471 24674 1004 16875 1155 3015 36784 28298 3302 1259 22034 25765 -1
596 44557 1330 -1
1155 19153 1985 25674 28476 3015 37628 -1
11047 28152 18964 23748 12500 2999 3015 43747 -1
35716 1200 -1
45575 3302 2471 29992 855 16761 -1
13877 34364 18331 3025 25674 1330 3015 14730 33878 1259 23574 32905 -1
30133 1259 24688 3015 30574 -1
23526 33905 28945 18401 3015 17221 -1
3962 774 2620 44874 3015 10638 1128 3835 -1
2597 2148 3981 24033 -1
12912 44874 -1
21413 43557 9898 -1
2722 1897 24219 -1
732 36036 2875 1715 -1
1155 567 1259 2997 732 2718 26452 31012 29602 3015 21413 1416 -1
36874 1555 1555 1167 3015 2722 1897 25634 24559 36770 16907 8434 15579 -1
713 19723 10178 2913 18379 22949 3015 7443 -1
10638 1128 3835 -1
2597 2148 3981 1200 -1
13877 9242 596 42993 3015 1416 -1
2913 1155 10178 29602 2958 2471 32907 17348 3302 722 -1
3318 415 1155 19801 29825 -1
906 596 -1
13877 668 1155 2997 732 3103 35584 18396 3015 17744 2572 10316 2836 886 16761 1157 668 3015 8139 10168 597 732 3103 8139 1155 -1
415 1722 32907 -1
9898 -1
2722 1897 -1
16912 8366 3455 30081 16764 32952 21413 16764 -1
3318 34179 30081 732 16764 21413 3068 657 13502 25590 34770 22214 31000 -1
31225 20480 48967 25473 3015 44873 739 18331 3025 18582 27087 26064 3015 10984 -1
1154 1259 27536 732 3445 1715 2378 3015 32899 1157 32331 3015 13151 -1
