19980415_0900_0905_VOA_MAN
04/15/1998 9:04:00.93
04/15/1998 9:04:32.71
596 50354 35915 1788 11993 596 16519 38383 8354 3015 8727 -1
1157 31703 12665 1730 24022 2857 8994 25775 -1
657 732 1157 31703 3015 11993 14165 23873 469 820 596 12665 25775 3015 21005 -1
3025 31453 3015 8217 24792 10386 -1
25292 3015 7588 1985 24971 -1
3043 1259 24271 21442 24488 28871 -1
21442 1416 16444 26003 657 34552 3015 34701 -1
40434 1200 -1
23626 26088 3015 17239 2559 7318 -1
3043 1259 1259 713 2572 1583 3015 29759 24488 3015 -1
