19980316_0900_1000_VOA_MAN
03/16/1998 9:32:40.15
03/16/1998 9:33:18.12
596 47292 3015 2155 1159 4072 1294 46835 24271 7578 732 1528 1788 50852 350 28966 886 732 2718 32056 10386 -1
43773 596 508 2718 32056 30002 3015 9148 26088 457 657 25694 1416 15945 -1
46835 24271 7578 10386 30326 7655 2155 1159 4072 16517 1565 2033 1277 2998 1745 -1
21442 34701 1200 -1
30002 1985 34670 32692 -1
14893 46835 8994 3015 43120 25590 596 1565 2033 1277 2998 1745 331 3012 -1
15648 13502 2572 50852 350 40819 24022 26155 -1
3043 1259 16231 596 26155 3015 15128 1330 18318 3082 596 11727 29466 -1
