19980225_0900_1000_VOA_MAN
02/25/1998 9:02:58.10
02/25/1998 9:03:36.92
40889 40526 35251 34179 -1
1155 13023 40889 44022 43444 732 4332 8946 1155 2713 38208 2231 40889 13703 25312 13894 32011 3015 12620 -1
35251 40526 38486 596 886 44022 7469 14985 8896 -1
2913 25607 34179 -1
1155 28826 44022 32861 31667 2938 9662 508 2718 12620 -1
3043 1259 -1
21413 2572 10736 34179 -1
12620 3037 457 2500 657 732 870 3302 18894 37223 -1
28516 37191 12620 -1
35251 40526 744 18349 732 870 38987 2085 20061 40889 13703 25312 18366 25312 38208 15655 3015 7680 27921 -1
