19980220_0900_1000_VOA_MAN
02/20/1998 9:39:03.97
02/20/1998 9:42:50.88
21413 37234 414 15625 22185 732 1788 15386 25607 530 37087 35669 34703 1200 -1
8946 15605 30457 3015 15625 16677 3204 1206 3344 596 732 2718 27646 38357 1330 34179 -1
1155 9914 333 15605 7680 40944 3025 31787 2572 1583 479 1914 3015 1882 1521 351 -1
1155 739 26463 34616 2572 17639 16677 3025 15605 29686 -1
13320 2231 36431 530 37087 3015 34703 -1
596 15605 8946 15605 30457 3015 15625 16677 3204 1206 3344 596 38478 684 15605 40725 2572 27646 8999 38359 3015 11486 -1
596 732 889 1788 1004 -1
3100 457 2690 16972 3068 2171 3009 2535 16898 31787 490 2257 29978 30557 -1
3015 27647 38357 3037 457 30066 8092 11629 -1
3204 1206 3344 34179 -1
15605 13894 3318 3302 1259 15605 27437 3015 13894 -1
2878 1259 27647 13894 -1
1155 34033 28329 2999 12084 -1
9914 332 15605 7680 40944 19233 8594 31787 32128 2572 1583 479 1914 3015 1882 1521 351 -1
1004 40944 7680 3070 19271 -1
3204 1206 3344 2500 15547 1985 10369 40502 3015 15616 22727 -1
1155 1200 -1
24559 30073 39572 732 2015 1374 1099 1157 24022 3015 40502 8594 8999 34234 2471 -1
644 2471 3015 40502 18384 3037 457 -1
21442 1416 9199 8202 7802 15616 31408 3015 38439 15357 8647 -1
739 21442 1416 15136 37191 38439 -1
13182 1985 40502 3015 15616 31408 18318 25590 3082 596 -1
2878 508 491 1259 40502 2913 8594 8999 3015 7550 45245 11047 25960 8211 -1
33886 -1
1155 739 2913 40502 8594 8999 34234 2471 1157 32011 3015 44560 2572 8594 31787 24488 15544 15357 1985 19971 -1
1155 1200 -1
10181 15357 44560 3015 15544 -1
33841 13877 920 2085 7949 -1
920 2085 32011 -1
920 2085 14628 44560 3015 24831 -1
21442 44560 3015 24831 -1
21442 44560 3015 30301 -1
2231 44114 657 15655 3015 44560 3015 15544 -1
9245 596 508 2718 31036 28329 11486 34616 16677 -1
17639 16677 -1
18176 34283 3015 2507 -1
15723 23526 23088 15625 -1
13877 9914 28528 24730 3015 26463 2713 9350 -1
3043 1259 -1
973 3302 2748 1200 -1
973 13502 657 25915 3025 34616 -1
20537 3025 17639 -1
10702 1259 732 2718 37336 3015 18485 2713 14504 -1
2878 657 27957 22455 596 14059 3015 29978 -1
3204 1206 3344 21200 23059 651 27647 3015 8594 13894 8107 1829 34179 -1
1155 13502 22455 596 14059 1259 732 1656 2572 1550 -1
1155 1200 -1
27437 22455 14059 22461 35839 -1
7549 3015 732 2718 20985 10702 3302 1259 926 7161 -1
13877 23908 21442 9241 732 2718 19450 -1
1200 13877 732 2958 744 680 2620 8594 -1
15654 2572 1550 1259 7549 3015 732 2718 24711 -1
15605 33925 680 -1
3043 1259 23908 33852 1241 -1
3204 1206 3344 596 15605 -1
732 476 1259 3383 14450 18329 1259 31622 40502 24188 926 2284 7680 3015 18451 18371 -1
2878 596 21200 8594 13894 3015 16907 -1
1155 3015 22642 739 1259 13069 19126 2878 13219 3015 -1
24435 3204 1206 3344 3318 21442 33624 40502 596 18296 1157 8258 3015 8594 8999 34234 2471 -1
33886 1155 3015 10997 1732 -1
732 476 16464 2717 2847 3015 8417 -1
2878 21413 1521 48604 1631 2024 11047 21413 1521 414 8594 31744 2034 2297 1790 596 2085 15605 29686 3015 16907 -1
739 2938 9545 2572 3204 1206 3344 24488 2620 26151 -1
11039 1259 21413 37234 15386 25607 530 37087 3100 15625 35669 3015 34703 -1
