19980224_0900_1000_VOA_MAN
02/24/1998 9:34:31.04
02/24/1998 9:35:09.71
21413 10369 31446 596 20364 23392 2000 1788 8594 1416 19450 12875 3100 8594 3383 32448 3015 29806 17387 18652 2085 3015 19431 -1
732 1788 22586 41573 1200 -1
508 2000 1788 38698 1259 38478 3383 31591 3015 -1
2220 1200 -1
596 508 8891 -1
15648 19450 886 22586 44194 34278 15409 18366 32528 18379 19431 -1
18176 508 2000 1788 38698 3015 7535 32896 -1
15648 2345 3383 20159 7550 3302 33144 961 1715 3015 14696 -1
29971 30081 13672 21387 -1
40554 9983 8594 38988 3015 26509 -1
34616 2913 9242 38698 732 965 1157 482 -1
