19980305_0900_1000_VOA_MAN
03/05/1998 9:48:11.21
03/05/1998 9:49:38.72
596 10757 -1
10757 18598 31704 3015 24719 2500 21442 24833 -1
44858 3015 21108 8215 8998 -1
10757 39917 596 12031 14849 457 534 1985 10504 -1
10757 39917 3015 30284 1829 2500 21442 23926 926 732 3300 10702 37900 -1
13320 1470 1882 36078 24628 21413 37234 414 38528 25607 3447 2148 915 3015 732 1604 34703 -1
44265 2572 22581 9138 3015 32861 1829 2500 21442 23926 1259 2801 2570 19486 7574 732 2718 28226 9416 644 10757 39917 23636 -1
44265 3015 40819 1200 2913 38028 10702 33290 7574 8994 -1
15648 31402 2500 657 29466 -1
44265 3015 732 870 27924 31581 30272 20537 31225 30221 8976 8946 20157 32022 -1
44265 2231 2471 3068 3015 31225 15693 -1
644 3107 14893 22581 9138 1200 15648 2500 596 31166 44265 30059 12412 -1
23670 44265 1259 2801 9914 36170 7574 732 2718 28226 25765 -1
29861 10757 39917 -1
11041 22581 9138 9545 2572 44265 24723 2620 22572 -1
18642 -1
612 44265 14626 1985 22581 9138 3015 8994 -1
508 3293 1269 36170 3015 27960 3342 2505 1985 -1
906 596 10757 39917 596 10951 2033 9453 2309 2903 3015 13476 -1
3043 1259 2500 33784 713 32874 44207 -1
15648 491 596 2572 732 870 876 31401 24488 24966 -1
17432 31225 7612 3015 16848 -1
855 8994 10092 2150 596 -1
612 -1
2584 7574 -1
