19980319_0900_1000_VOA_MAN
03/19/1998 9:31:30.54
03/19/1998 9:32:02.96
33108 13894 15928 2572 1583 15544 -1
596 39892 22525 24488 2997 36649 26155 -1
38480 9620 23759 8891 -1
31622 1829 21442 886 25607 30066 25079 -1
3043 1259 18175 7574 12685 38925 -1
11047 18526 926 732 1898 26155 3015 16904 3012 13894 -1
10092 2345 596 15427 3015 10955 479 457 -1
15544 27924 38480 36770 16907 -1
19233 732 2718 20738 3237 1448 18931 3015 12193 732 926 -1
3043 1259 15648 596 14239 1061 457 -1
2345 25590 24022 15544 -1
