19980618_0700_0710_VOA_MAN
06/18/1998 7:02:25.00
06/18/1998 7:03:07.99
11787 24310 14177 25590 1269 31225 49959 21909 2146 25245 -1
49959 44693 1200 -1
38820 23059 42872 3015 40710 25245 1985 2269 3445 2827 479 30081 -1
23059 11787 44195 3015 40710 25245 1985 3445 2827 479 1282 732 -1
23059 27414 3015 21909 18380 25245 1985 25134 3445 2827 479 35146 -1
508 1259 18380 13332 341 23964 732 2718 27646 -1
360 3015 2085 1200 1448 49959 3015 40710 18380 8284 25245 -1
33886 23059 18316 3015 10398 457 -1
657 17504 3015 9561 -1
596 1448 49959 21909 3015 1416 3037 457 -1
18316 10398 7551 -1
23059 21413 2572 20253 3015 10398 739 657 17504 3015 9561 -1
