19980224_0700_0800_VOA_MAN
02/24/1998 7:28:44.37
02/24/1998 7:30:37.45
2421 2718 27647 3015 25674 8107 12685 34179 -1
38208 906 596 23542 657 20535 31792 3015 8675 8710 840 3015 17329 30476 -1
13320 36431 21413 37234 3015 25607 1159 336 3100 40889 7709 35669 3015 12955 34703 -1
662 1547 465 2814 35424 -1
16972 2718 26516 532 8107 1200 -1
38208 906 596 10609 25674 -1
17435 -1
23542 2500 657 34365 3015 26516 33716 -1
23526 8675 30238 2000 3445 2912 3015 17329 30476 -1
23059 2237 2718 27646 3015 8107 7574 3015 508 2718 12685 34179 -1
596 732 2237 2237 732 1715 27440 9413 23728 8891 -1
38208 2231 20537 17231 17329 30476 -1
469 1259 31432 33330 3302 3068 -1
22185 732 2718 8107 12685 573 34179 -1
12133 24488 2710 2903 3015 30802 2085 7937 38208 15653 14166 31326 3015 31474 13322 -1
508 2000 2718 12685 596 2875 9860 3015 25674 19721 26147 8896 15357 1985 17586 3015 34698 -1
9242 26147 3015 44128 34802 29013 25385 38208 12878 17188 48380 15418 38925 3015 32861 11047 732 2718 38208 3015 43120 -1
2220 34703 -1
38208 8994 10092 -1
25674 19721 26147 8896 40889 2345 24702 596 38208 24488 3015 48380 30802 -1
3318 15729 29668 2913 38208 3015 24310 8697 -1
3043 1259 9242 48380 8107 31227 3015 24709 1259 -1
906 596 2231 29668 8697 2500 46144 -1
40889 16509 13703 44321 3460 1109 1888 12385 732 886 40889 44022 2471 3401 1985 17586 2000 2718 34802 -1
3043 1259 3460 1109 1888 2572 40889 44022 43444 31622 24002 16045 44321 2572 44022 32861 24488 1985 16875 15427 -1
