19980316_0700_0800_VOA_MAN
03/16/1998 7:08:57.56
03/16/1998 7:10:01.98
42763 7680 2024 735 3899 14636 1985 29825 2148 1974 3835 1974 2696 3015 1407 1560 -1
42763 27924 1200 -1
38280 2497 1985 25738 2541 778 -1
906 596 1155 491 596 25590 26273 479 457 -1
42763 12498 39098 34703 1200 -1
38280 12385 732 2345 25590 1949 596 40459 24959 3015 34156 1730 -1
1155 1259 596 38478 18651 1985 15653 3015 26088 8896 3025 20768 11519 3015 -1
2148 1974 3835 1974 2696 42680 1200 -1
38280 3015 28816 21442 10640 38280 508 2718 12385 3015 28421 35249 -1
38280 12385 732 26151 1985 732 1788 28710 8188 -1
8896 508 1788 8188 1200 -1
24435 38280 3015 26861 18318 17863 -1
3043 1259 -1
44379 1155 3015 17383 491 596 26273 479 457 -1
38280 732 2237 41323 24488 1985 12425 35563 16542 -1
18642 20483 653 2497 29570 -1
18642 39583 38280 10900 41872 28814 657 2000 2718 12385 21442 596 2148 1974 3835 1974 2696 28421 -1
