19980306_0700_0800_VOA_MAN
03/06/1998 7:17:57.59
03/06/1998 7:21:45.54
28536 15025 -1
21413 45445 2226 8959 9846 1330 657 1206 -1
21413 37234 25607 21633 2091 1386 34703 -1
9846 39197 3015 29992 10988 379 1768 732 1099 18401 2345 24046 3025 9846 1330 -1
3455 9846 7448 15527 39217 3015 25955 -1
13320 36431 34703 3015 12955 20568 -1
662 1022 572 35424 -1
596 9846 39197 30004 24525 2000 2718 612 8896 -1
41166 1829 2231 34179 596 9846 34184 1330 29992 1985 22252 2826 1889 3015 3323 396 1206 -1
41166 1829 18329 -1
596 9846 34184 15570 9303 33913 3015 20757 20015 3015 31072 -1
9242 1206 713 34104 396 3082 596 651 14666 479 457 -1
9846 39197 18345 42450 3325 3020 1200 -1
508 451 25794 27390 3015 20015 29462 596 9846 3015 40397 36621 47170 3015 31036 -1
1155 1200 -1
3325 3020 1200 -1
13877 26014 3015 33842 8701 3015 15527 24719 34179 9846 22443 3082 596 379 31792 3015 1206 -1
1155 1200 23669 16982 18526 3015 1259 9846 34619 3015 1206 1997 1259 20698 3015 36166 -1
13877 469 7469 1985 732 2718 32612 3015 28181 -1
18500 596 1838 44432 9846 14666 3015 1206 3015 27408 1435 35825 -1
1155 1200 13877 28181 31851 8768 3445 2827 479 732 -1
508 36171 13877 1259 29636 23467 3015 -1
9846 39197 1330 3015 11108 1259 14970 15527 23059 45444 4437 3805 17452 3015 457 369 26958 2535 3100 1206 457 16684 32563 3015 1476 37971 2878 31227 3015 24719 -1
508 1259 732 451 9475 3015 15527 29771 -1
12133 41389 3015 29449 33711 25627 3153 9846 1330 3015 18608 1206 1997 -1
3043 1259 3325 3020 1200 32612 3015 16273 34183 20768 3015 1206 7612 32722 1282 47170 -1
8727 1307 3073 1282 1815 3015 2525 -1
15527 24719 8959 1985 1190 1715 1521 732 991 23840 14006 10369 9846 1330 657 1206 3015 15527 24719 -1
1747 991 23840 14006 886 9846 22443 3015 20015 30004 1985 22862 3315 -1
29844 3315 23977 1206 3015 15385 -1
9846 39197 3015 1955 732 991 42450 2619 33974 1200 -1
37340 3015 29992 19138 2999 34183 18401 24046 596 9846 1330 3015 41151 -1
9242 1206 23526 37062 -1
15341 32563 3015 11531 2699 26766 -1
15348 32563 3015 18919 2572 11531 23526 2699 713 9846 1004 25955 3015 27317 1535 332 18495 -1
2913 10178 1307 2136 24488 15527 -1
2619 33974 1200 2619 33974 1200 -1
13877 34364 8918 1259 2801 20537 10334 23774 9242 7868 -1
3100 341 34751 3015 24921 2085 1200 23526 23774 1374 1528 3025 44743 28350 20537 35212 42993 3015 668 1206 34203 2699 35915 1416 16792 732 3445 2903 1715 37225 -1
1155 1200 18176 13877 20537 28482 34751 3015 668 1206 -1
20767 508 2718 16904 2231 23542 1259 13756 3015 1985 -1
2220 18329 -1
9846 1330 9242 1206 3015 23062 23542 23059 732 870 713 3323 1004 8222 3015 7242 596 9846 17229 3015 9624 9803 596 9846 1330 -1
15527 9846 1330 1259 2801 657 1206 469 1259 9846 39197 3015 18345 479 732 -1
9846 39197 35860 15527 9846 3015 13626 28202 -1
38146 2572 32254 -1
34834 41166 1829 18526 9846 3015 12337 2572 29978 -1
20537 3100 9846 23774 732 870 16875 7868 3012 3012 -1
9846 39197 11070 15348 1985 9846 3015 38146 1063 -1
41166 1829 12133 9242 7871 713 2710 2587 2999 8694 14059 3015 9846 27313 18345 -1
2710 24341 2999 25627 27313 1157 12133 3015 18495 -1
