19980603_0700_0710_VOA_MAN
06/03/1998 7:02:49.98
06/03/1998 7:03:46.07
10477 10757 13663 24488 2576 1254 3397 -1
16761 10817 14636 886 10757 15348 2000 3365 31602 -1
16761 10817 38486 12085 -1
16761 10817 596 2421 1788 8828 30588 3015 11408 926 -1
14636 23606 886 10757 15348 7703 33144 36179 21387 3015 31602 -1
16761 10817 39719 23926 9673 886 10757 15348 7703 25134 2237 21387 3015 31602 -1
3043 1259 -1
10757 8107 34179 -1
16761 10817 9241 333 3302 2471 2913 10757 24310 9608 10640 -1
9545 596 16761 10817 18341 3015 24310 809 2397 906 596 1259 10757 37742 39917 27924 3015 2929 3460 1277 1200 -1
16761 10817 9670 2499 422 582 596 10995 479 457 -1
10907 -1
10757 11070 35654 10340 7931 -1
1521 10757 38988 21259 36905 1200 -1
8697 32035 10640 1259 10336 3015 -1
1155 2500 1200 10757 1416 739 43644 33676 732 870 24540 32035 -1
