19980317_0700_0800_VOA_MAN
03/17/1998 7:07:00.76
03/17/1998 7:07:34.99
25722 24080 10757 7689 3015 1036 2297 1664 4195 -1
644 12416 44858 3015 21108 8215 31401 3015 48863 24022 26155 -1
713 7548 18526 855 8994 3015 8638 25634 -1
2345 596 38481 28361 3015 508 2718 25634 -1
2345 28917 16045 855 8994 2345 18175 32451 3100 24310 3025 14452 3012 29762 3015 732 870 8401 13894 -1
1036 2297 1664 4195 38480 12075 -1
24080 7689 -1
3043 1259 1155 34364 596 -1
612 -1
2584 8891 -1
10654 10951 3015 45862 -1
33711 25590 31582 7689 -1
