19980607_0700_0710_VOA_MAN
06/07/1998 7:02:01.84
06/07/1998 7:03:13.77
596 49951 20714 -1
732 1999 10610 3015 15073 23496 30002 9507 34650 -1
8727 657 30081 1190 1416 36512 -1
25694 1416 16444 -1
9507 1259 596 732 1999 26986 18598 3015 15073 23496 12297 596 856 1109 2571 1294 3015 16907 34650 3015 -1
31432 37187 23496 491 3100 28748 32931 41230 -1
1267 886 34628 3015 43935 -1
27924 1829 1200 -1
15648 31581 596 18876 23496 33589 3015 27571 457 -1
46439 23542 2500 2471 17592 -1
20818 2500 21442 1416 32554 2913 508 732 16743 29013 -1
508 1259 856 1109 2571 1294 22432 1730 30002 3015 2997 15913 9507 34650 16743 -1
38483 -1
732 2718 17395 33853 3015 20656 886 27480 23125 3015 732 2718 16421 16678 14788 1985 732 1848 9507 -1
596 2616 1109 23125 3015 19572 31036 2500 30002 22185 2000 40129 16743 -1
31308 732 1416 36512 -1
1282 1416 16444 -1
38478 596 49951 3015 13966 16517 2091 27052 657 1374 1416 596 9507 34650 457 36512 -1
49951 24268 1200 -1
24559 10341 3445 1416 -1
596 47723 13482 16743 3037 457 36512 -1
