19980625_0730_0735_VOA_MAN
06/25/1998 7:34:24.92
06/25/1998 7:34:59.80
27414 31446 596 35398 3015 732 3990 19212 457 37176 1985 3462 2218 16989 -1
37189 19212 1259 3379 12385 596 27414 16111 3383 33959 3015 -1
27414 40073 668 3068 19398 3455 13363 3015 19212 8407 2787 3153 36628 8896 37176 1985 508 3462 2218 16989 -1
906 596 2500 3302 18894 1259 2801 32380 15653 3015 1416 2938 11070 37176 -1
19212 1259 12385 732 596 27414 30646 11685 3383 10202 3242 417 8896 29992 3015 -1
35398 1200 -1
19212 596 31322 723 32518 28047 11048 19909 1985 27315 -1
