19980223_0700_0800_VOA_MAN
02/23/1998 7:09:22.69
02/23/1998 7:09:56.60
21413 23440 457 2345 1289 22854 1200 -1
11787 3015 24583 14177 19670 508 2718 31011 3015 732 870 27646 25245 1985 2572 21413 3015 22581 47815 -1
1155 1200 -1
21413 2572 47466 -1
15596 -1
27414 11047 10752 3015 47815 -1
16464 1985 24310 13894 3015 10640 -1
3043 1259 1289 22854 457 2345 12385 732 596 38522 24034 3015 11787 27320 43659 1330 1200 -1
47815 3015 457 2918 -1
3318 21442 19689 21413 23873 596 508 2718 31011 3015 10684 20535 -1
