19980617_0730_0735_VOA_MAN
06/17/1998 7:31:18.43
06/17/1998 7:31:52.48
3383 2831 6999 3015 41571 1521 22581 16507 44410 19012 3015 2000 1788 44911 3383 17395 33853 3015 19172 19174 -1
50092 3035 3015 27924 1200 -1
508 2000 2718 1416 1259 3379 12385 37157 16907 3383 17902 3015 -1
17902 508 2000 2718 1416 3015 30577 906 596 2500 3302 18894 -1
739 21442 31591 18352 38698 -1
596 41571 3015 40889 2625 27924 1200 -1
7820 44410 19012 18642 596 732 3103 9000 457 3383 2751 13306 11045 -1
657 25134 732 3445 44410 3015 44911 9652 35200 -1
