19980610_0730_0735_VOA_MAN
06/10/1998 7:32:57.36
06/10/1998 7:33:37.41
46461 1200 -1
596 46461 34628 3015 37340 732 1898 9446 457 -1
341 17492 1190 3445 17998 1374 1788 23844 2572 44674 21317 38085 30323 36512 -1
46461 42092 42486 2091 1109 14480 2913 10951 1200 -1
612 -1
2584 -1
34654 9446 11045 -1
657 2875 3445 1963 3462 1788 8994 2191 596 9446 457 36512 -1
40759 1788 16778 45977 -1
1155 2500 1200 -1
23870 2376 1085 3015 44674 21317 38085 27799 34183 -1
657 2875 3445 30081 961 1788 44674 21317 38085 30323 3383 31930 -1
44451 1416 16444 -1
