19980404_0700_0800_VOA_MAN
04/04/1998 7:39:59.16
04/04/1998 7:44:42.29
28536 15025 -1
15899 18016 3383 24062 3015 34616 51235 821 983 2019 18296 3383 16684 26245 -1
21413 37234 25607 834 2349 33687 1985 821 983 2019 -1
13320 36431 834 2349 3100 13003 35669 3015 34703 -1
28516 13003 -1
35838 -1
34703 1200 -1
8594 34616 41349 12073 29491 651 15899 18016 3455 8594 51235 821 983 2019 31625 -1
821 983 2019 24458 2572 1955 732 991 13709 3015 51235 1484 670 1792 17587 8594 8994 -1
11408 8594 8994 15000 17951 51235 -1
34033 11408 8594 8994 32896 28451 -1
11047 7924 15648 32896 30457 3015 18391 25386 7570 -1
1955 2220 -1
50165 -1
3015 34703 1200 -1
821 983 2019 3015 19595 28628 25607 1200 -1
24271 24488 1183 2397 12320 -1
3455 30883 2572 43354 31625 -1
34033 3455 9079 27571 24488 21936 -1
821 983 2019 10900 732 2237 40150 3025 40148 33624 953 3048 21109 1510 3015 9793 2878 3383 27958 1985 16983 1715 -1
8594 31446 596 24062 1985 821 983 2019 732 1099 479 26781 15899 15924 3455 1155 16684 -1
35654 821 983 2019 28826 29392 -1
1155 2913 25607 1200 -1
30002 596 2237 3462 1715 15899 18016 3015 973 508 732 3103 13793 3015 32416 2572 29632 33129 -1
973 34179 25804 3015 29392 -1
973 13502 41536 13241 45810 -1
33805 357 3017 2710 620 -1
15648 508 451 32108 -1
15418 1259 34616 1257 42262 508 451 32108 31592 -1
2572 13709 31446 2913 1484 670 1792 13241 34445 10320 3015 26151 508 451 7488 12337 1985 13219 3015 30271 -1
1155 19573 892 596 14205 973 -1
973 23526 491 2731 15648 -1
973 821 983 2019 37758 3302 32576 -1
34802 7546 973 3015 20296 11980 3015 12675 11486 13877 1448 32520 1153 3015 49806 2572 1153 3015 34384 7452 2718 537 -1
973 2938 29662 1985 508 3103 25915 -1
973 2231 1259 2748 886 15648 34179 732 2718 23916 -1
821 983 2019 20395 1193 596 25375 22724 -1
331 596 25375 22724 -1
973 739 3302 2471 29662 973 596 31787 32128 47374 3015 9241 732 2718 23916 -1
13502 15648 -1
668 15648 3015 2507 2085 1200 -1
28632 13877 33805 32022 3015 28181 12334 -1
973 739 13502 15648 33805 32022 3015 28181 12334 -1
13502 13877 14970 508 3103 3302 10220 3015 16743 -1
739 7692 732 870 24290 24868 -1
16231 2938 20537 33676 34445 22746 2572 22467 3015 9915 -1
2085 28226 14622 8594 3015 -1
973 821 983 2019 3302 2471 10907 2878 28957 973 7807 22746 3015 -1
2572 1583 3015 37827 3015 732 2718 25960 21940 -1
973 18329 8594 3015 21109 1259 12133 25177 3015 -1
10900 21109 33878 1259 732 451 21109 3015 16011 -1
2500 1259 732 451 17221 13474 -1
3043 744 16803 1442 8594 18395 2938 20537 24806 -1
2938 20537 7448 7807 732 451 49704 3015 17221 13474 2572 16013 29759 2085 8812 12292 3015 16907 -1
1259 12133 732 2718 21560 3015 27571 -1
15654 973 3302 18329 8594 10702 33676 732 451 21005 3015 29759 -1
15654 973 37827 732 451 22467 3015 9915 13502 20537 31225 41536 14124 3015 8594 42234 17744 3015 26210 -1
821 983 2019 3318 13502 855 17598 3015 8594 7689 432 36482 3530 3183 24310 7764 23771 3015 7463 -1
14605 8594 3015 8976 21109 23771 -1
821 983 2019 34179 -1
508 1259 973 2913 432 36482 13241 1004 1416 34445 22517 -1
22516 -1
7807 3015 19013 -1
10900 973 596 12073 1459 24046 -1
973 8918 1155 3015 37854 2231 1259 1155 3015 9867 586 1416 35200 -1
7807 3015 25508 739 16464 1985 732 870 14205 -1
17275 1155 3015 7599 3383 554 -1
1155 11172 20537 25374 596 8594 14605 28952 -1
2913 1155 37827 3015 732 451 973 34179 24216 -1
973 13502 13877 596 8594 32722 24415 3015 21109 31264 1330 -1
432 36482 13241 739 10702 37345 10687 3015 28244 -1
973 739 2412 13502 651 41536 13241 -1
11039 1259 21413 37234 25607 834 2349 36670 3015 34703 -1
