19980223_0700_0800_VOA_MAN
02/23/1998 7:33:13.77
02/23/1998 7:45:14.07
21413 42072 24559 732 9858 35212 27875 28361 1985 36246 732 2924 3015 18391 35770 34698 -1
508 2821 19718 16761 732 3445 2237 16974 2718 27646 18391 7971 3015 13963 -1
1259 16836 508 732 2718 8691 11045 3015 2997 30081 732 2821 34698 1985 -1
596 24554 11048 3015 35916 3015 16904 2033 -1
21413 37234 2345 21927 2999 35425 24559 42072 18391 34698 10369 8594 31787 -1
15605 2572 13003 3298 2821 3015 20568 -1
596 11033 3015 34698 2033 -1
21413 37234 25607 992 2150 2345 24628 21413 42072 18391 34698 3015 34590 2572 30272 14452 8999 8693 3015 7443 -1
21413 42072 3015 18391 35770 34698 -1
1259 28516 732 36036 732 1715 2572 732 36037 1190 1715 3015 2000 889 29942 3015 11408 8693 3015 -1
31457 8693 18391 34698 8217 1759 3015 -1
1259 1004 21413 30280 24310 9981 8999 15348 33620 -1
732 36036 732 1715 3015 30280 9981 29964 2572 732 36037 1190 1715 3015 21478 29964 -1
2938 27774 1985 36246 732 612 17998 732 2584 11041 -1
42073 34364 886 37625 10956 2572 43557 1033 1002 2471 -1
2231 26014 21413 24310 9981 3015 27646 11047 40889 3015 43444 -1
596 7517 27647 28309 3015 18391 7922 29762 3015 18828 -1
15348 14348 3015 34698 -1
21413 42072 2997 732 3103 2231 14461 18391 7971 30066 35770 34698 1259 596 732 2237 40146 -1
31432 34698 17449 8768 43983 2718 24806 21413 24310 9981 3015 27646 -1
3100 732 2237 3462 -1
1715 23728 -1
18391 34698 23728 34802 40889 15653 43444 -1
2997 732 2821 10369 8594 3015 18391 34698 -1
739 1259 596 732 2237 3462 -1
1715 34299 3015 -1
24559 28795 30066 1985 732 2237 41320 18391 35770 34698 -1
34802 1985 16761 732 3445 2237 16974 1715 27646 2572 31011 -1
596 24554 -1
42072 3015 18391 3015 35770 34698 -1
33878 1004 21413 3015 30280 9981 2572 21478 8999 15348 33620 -1
30133 11070 32874 21413 14452 8999 8693 3015 732 2718 8401 33620 11177 -1
29013 15830 7871 2572 34299 28421 3015 33744 -1
739 3100 7553 3015 18391 44783 43867 -1
8288 17166 1004 24554 3015 21109 18391 2572 22994 1195 -1
3100 732 2237 2237 1190 1715 4583 -1
1266 -1
21413 42073 1004 25467 18391 35770 34698 3015 34299 28421 -1
11408 21413 414 1033 43168 3015 2717 2718 33744 -1
2938 1004 18391 34698 15348 7871 2572 12401 -1
33624 732 2237 41320 34698 34309 28421 3015 18366 -1
23059 42072 2572 19571 14452 13434 2572 8994 33744 3015 2421 3445 1788 28421 18366 -1
29013 18391 16732 3015 8191 42073 17867 2148 1200 -1
17867 2148 1200 -1
18391 34698 1259 668 1442 1715 3015 16904 34299 3015 -1
36246 30066 18391 34698 3015 8217 12401 23062 1259 14461 8994 11047 28541 3015 28319 -1
3043 1259 -1
21413 414 1033 16802 1259 29013 15830 7871 3015 8217 25917 -1
18391 34698 3015 32607 8217 662 21413 414 1033 16802 3015 14452 18366 19505 -1
21413 42072 1200 -1
16802 28421 18366 36246 2938 744 2572 23977 33828 8976 18909 3015 2718 1416 2572 14642 4553 1333 -1
15830 23059 28534 18671 3015 12401 -1
15648 1985 2291 3015 30277 34802 8994 27924 -1
29942 8107 -1
25607 2572 18391 27917 18384 3012 2717 29762 -1
21413 42072 1200 -1
508 732 18828 15830 3015 28421 33289 1259 596 14172 3015 26455 2033 24488 3015 -1
21413 42072 32810 -1
15830 3318 8959 14168 18391 3015 16743 1259 29636 23142 3015 28421 -1
732 3436 2085 1200 -1
47041 3015 16743 33289 20632 26014 8959 -1
10900 37762 33289 25230 28534 11845 2572 1012 4122 33852 32563 7440 -1
596 3383 8805 3015 29762 -1
3148 1985 17498 47723 7570 11037 -1
43243 657 47041 12292 3015 8994 2572 7570 -1
2938 25797 29223 10369 8805 -1
1955 732 29762 -1
732 870 29861 36289 8994 3015 2718 1416 2452 7570 657 1278 739 2471 23285 17275 34304 47041 3015 16743 -1
25230 508 451 18828 -1
21413 42072 596 26141 36246 3015 18391 34698 3015 16907 -1
360 1259 744 24488 7846 3015 27197 -1
732 3436 2085 1200 -1
414 1033 16802 1157 14364 3015 18391 34698 3015 32607 -1
744 15854 41840 3015 42072 21109 18391 2572 22994 1195 24488 17289 -1
19574 744 2572 42072 19571 33744 24488 18828 26130 644 35814 -1
596 18391 35770 34698 3015 30704 27571 3037 457 -1
21413 42072 35860 27202 27628 2572 27647 1330 19571 7570 2572 25917 15348 3015 7871 -1
9242 25917 34802 21413 2572 27647 840 3015 18391 7570 -1
21413 8994 3015 2717 2718 33744 -1
14461 8994 27924 11047 40889 3012 27647 7570 3015 27924 -1
10477 18391 34698 17449 732 870 29636 23979 3015 8805 -1
15654 -1
18391 34698 596 30704 27571 457 744 7384 2717 29762 3015 8107 -1
34436 22994 18623 -1
20641 -1
23840 11047 28966 3012 2717 29762 13894 3015 8107 -1
36246 18391 34698 30066 3015 16907 -1
21413 27924 24316 3383 978 3025 3015 13894 1259 -1
21413 657 16875 7875 2913 14461 3015 20599 8999 1589 1068 1896 353 -1
15654 -1
36246 3015 18391 34698 3015 19228 3298 2821 -1
3148 1985 8418 21413 29942 11408 42072 15348 34698 11037 -1
35645 24674 1200 -1
18391 35770 34698 1157 27959 3015 2572 30802 3015 2938 1259 16315 27647 28309 3015 18391 7922 -1
3302 1259 2345 21413 3015 34203 40063 27613 -1
596 732 2237 41320 18391 35770 34698 30066 3015 16907 -1
29013 18391 16732 3015 8191 42073 17867 2148 24674 1985 18391 34698 1157 11177 3015 7922 -1
17867 2148 1200 -1
18391 34698 3015 28516 1259 27647 28309 3015 28534 18391 13894 3015 7922 -1
34802 8976 18624 2572 48728 -1
15418 1259 28319 1259 2801 20537 31225 28274 3015 17290 -1
1259 2801 657 20535 28934 15648 3015 8994 2572 21115 31622 -1
11047 22994 18624 3012 -1
18391 34698 739 8146 3025 732 2718 27646 3015 28319 1259 2801 2471 10900 8446 2452 7727 3015 9999 2878 16464 19541 -1
17867 2148 8191 2625 2572 3902 1200 -1
18391 34698 596 15427 28541 18391 7971 3015 16907 -1
25960 2938 1259 28516 9242 20568 25457 26970 -1
732 870 18624 1259 27647 2866 1157 2641 2958 3015 -1
30133 739 1259 40889 16761 18391 12072 1157 27774 3015 -1
17867 2148 15418 8813 -1
8594 8994 9626 32810 9242 7922 1259 27647 18391 29928 24720 3015 8401 732 3298 2821 -1
24435 21413 42072 18329 -1
9242 20568 41712 2938 1259 2016 18598 43243 27646 14881 7517 3015 -1
713 9242 34203 26970 28541 3015 18391 7971 3318 3302 1259 19132 1157 1738 -1
3043 1259 -1
34698 3015 8693 510 739 32810 -1
2559 20632 732 2718 3048 732 3015 34203 26970 732 1490 27646 18391 7971 -1
23615 2717 2718 27646 3015 18828 -1
34364 23606 3025 28541 3015 22676 34590 -1
13966 32398 2572 24310 13151 -1
22185 732 2718 33289 36708 3015 13894 1259 -1
1004 16875 21413 2913 1442 16761 732 3445 2903 2718 27646 3015 18391 7971 30066 19718 -1
1435 3302 2231 34516 3015 18391 13894 15357 31555 3015 34698 -1
508 2718 13894 3015 25293 26263 1259 -1
28516 29942 -1
18391 35770 34698 1259 42072 1004 8693 14452 8999 2878 333 3015 28421 -1
15654 3302 17449 27628 3015 13894 -1
2710 23979 2999 2085 1200 -1
21413 39325 1259 29013 25385 27628 18391 13894 3015 8240 25917 -1
21413 22586 39325 36542 21124 1195 -1
32193 -1
21413 2500 657 732 2718 21124 38925 -1
1551 32861 662 7680 2572 2625 2471 18349 -1
8085 30802 27628 32518 3015 21124 2572 18391 13894 -1
3318 886 7680 2572 2625 2471 15357 28945 3015 25150 -1
12133 15357 3015 1259 -1
20818 10333 21413 18391 7570 739 11070 15357 -1
21413 10702 8099 2231 34516 3015 18391 13894 15357 20480 34698 -1
33874 1521 -1
732 870 18391 7570 -1
17587 44394 7680 15357 1985 508 2718 11408 -1
27957 508 2718 13894 -1
29013 18391 16732 3015 8191 42073 17867 2148 15547 1985 732 2718 732 3436 3302 1143 1004 1416 15545 3015 18828 -1
17867 2148 1200 -1
21413 596 2000 1715 11041 -1
9545 15343 2620 732 2821 27957 21413 18391 13894 3015 34698 -1
15304 25960 2572 42072 18391 34698 43520 -1
3043 1259 -1
19918 3367 34802 8594 596 1730 18352 732 2718 27646 2938 3233 -1
657 2421 3445 738 -1
732 2237 36037 3015 27957 8594 18391 34698 1259 22681 341 3233 3015 -1
3043 1259 739 8768 33913 732 3445 738 -1
17867 2148 1200 -1
21413 3015 508 2821 18391 34698 1259 28516 27647 28319 2572 8976 18624 28278 2878 886 40889 15343 3015 -1
508 2821 34698 15343 11048 -1
596 40889 31225 28329 3015 15427 -1
33839 2837 8994 7570 2938 33624 1985 2913 21413 18391 25618 15357 3015 15427 -1
18391 34698 30272 21413 14452 8999 3015 8693 24177 657 16875 7443 1732 -1
21413 42073 50856 9545 9241 36633 -1
21413 596 8693 30280 8999 3015 16907 -1
37758 744 23606 10369 27646 3015 18391 3015 7971 -1
1259 10900 508 17449 21413 3015 27646 22656 -1
1155 1200 -1
3037 18391 7922 31225 7517 3015 16907 -1
24310 2231 2710 657 23542 32771 29978 -1
34670 32692 2710 18222 31225 34352 -1
23414 44941 2231 2710 1738 45855 -1
50856 42073 1200 -1
596 18391 31225 338 448 3015 27646 -1
21413 1416 2345 28482 35244 -1
21413 739 2710 657 23542 2572 508 2718 27646 24488 24310 -1
14452 644 35244 16732 3015 27087 -1
15654 -1
18391 1259 21413 14452 732 2718 8401 23606 10901 -1
596 22788 26810 -1
18391 13894 732 476 1259 21413 2572 15820 9427 873 1997 3037 457 3015 732 2718 8401 9449 -1
21413 11022 15820 16718 23130 3015 732 2718 8401 3015 31276 11177 -1
2231 1259 48718 8691 30272 28319 25960 18624 3015 11834 -1
24838 48718 9137 3015 18391 13894 -1
3100 732 2958 32838 1330 23079 -1
739 16045 1985 508 451 8691 3015 3302 27113 11047 3302 27126 3015 12254 -1
15654 -1
3100 19587 20482 11045 18391 13894 732 476 21413 2572 42234 27646 43288 3015 732 8401 29762 -1
8726 18391 596 1837 457 27960 3037 457 3015 37628 -1
573 2710 1259 49677 3015 1985 -1
15418 1259 732 2237 43990 34616 30002 23873 9148 19768 2572 2572 1583 16781 3015 16743 11048 -1
8594 9070 3015 18391 7971 11047 8994 30272 28319 7764 3015 11834 -1
732 476 1259 21413 2625 2471 2572 28270 341 1004 27967 3015 27647 13894 479 732 -1
39502 -1
8857 24554 -1
18391 13894 732 476 1259 1837 457 2000 2625 27960 20539 9207 9060 29978 3015 27976 -1
44394 596 732 2237 41320 8594 27646 8221 41536 29686 41840 19612 24022 3015 22581 25607 516 31597 1330 9545 21072 34179 -1
1837 457 2000 2625 8994 3015 28525 2821 3879 596 651 -1
21413 18329 8594 8994 596 30312 7807 28319 3015 29759 29762 -1
1259 532 596 22676 3015 32022 732 1803 -1
42072 18391 35770 34698 3015 10984 -1
491 1259 23059 18391 13894 596 21413 14452 8999 1330 3015 8401 31000 -1
18391 34698 2913 732 2718 27646 3015 18391 8999 2572 12335 15357 16982 23979 3015 7871 -1
32874 8693 8999 3015 11177 -1
596 20896 18828 926 -1
42072 18391 35770 34698 1259 32874 2625 2471 22637 3015 8401 11177 -1
732 2237 41323 18391 34698 8594 3298 2821 9545 5988 -1
1004 -1
3025 732 2237 41323 20481 3015 16907 -1
8594 24222 28534 8976 29861 17239 -1
2938 596 8994 3015 11834 2572 19673 8887 27736 33002 -1
508 732 8202 3015 1896 2919 26819 732 476 32874 2625 2471 35655 8999 34234 457 24316 10777 3015 8963 -1
2625 26147 624 24316 668 508 2718 20157 -1
2085 8962 2913 8594 8994 33676 19126 22642 3015 43747 -1
668 50094 1152 3596 3311 1109 3015 2507 2085 1200 -1
42072 18391 34698 -1
1259 1004 20757 10702 31225 9242 7871 3015 1416 15348 3015 13703 31471 -1
11039 1259 21413 37234 25607 992 2150 3015 34703 -1
