19980316_0700_0800_VOA_MAN
03/16/1998 7:03:00.07
03/16/1998 7:03:39.08
8594 18598 18395 31622 31821 -1
14604 41536 22534 18347 961 1715 3015 8594 27646 8221 -1
34033 19967 25722 12578 3015 8594 7689 22738 31582 18598 1416 3068 44134 38926 -1
24435 22738 596 12037 27571 457 21442 47875 -1
3043 1259 -1
1155 21442 31225 3445 2827 479 3445 3015 12031 -1
2530 36002 3383 811 1004 8594 27646 44237 -1
1155 1259 8594 42234 44449 3015 2997 13682 18375 -1
3383 23653 1259 732 991 45350 3015 8976 18375 -1
596 38486 3015 14798 457 -1
10092 8594 24310 3015 18615 18375 432 36482 2345 3383 14604 1004 42072 7689 -1
