19980613_0700_0710_VOA_MAN
06/13/1998 7:02:59.36
06/13/1998 7:03:52.16
40889 35814 38208 12878 43226 44582 13703 28421 3015 16509 42450 3460 1109 2057 -1
14146 25480 35814 28421 13894 23728 644 38208 27924 26155 -1
2220 38208 39098 34701 -1
3460 1109 2057 38483 596 43965 26166 1985 38208 42472 3500 1547 378 -1
3460 1109 2057 2572 1155 21893 3015 16987 1416 12685 744 644 38208 27924 24022 35916 3015 26155 -1
3460 1109 2057 38480 31085 43965 3015 16907 34179 -1
1155 657 732 530 13703 35814 28421 3015 18891 -1
9242 28421 732 3045 14364 -1
1155 2231 23526 2231 38208 12878 43226 44582 13703 3015 28421 15357 7692 34698 -1
3460 1109 2057 2500 34179 -1
18176 38208 7515 1155 36667 3015 33720 28421 32835 -1
35814 28421 2231 23534 596 2421 2718 612 1730 24702 -1
