19980627_0730_0735_VOA_MAN
06/27/1998 7:30:01.26
06/27/1998 7:30:47.54
21413 7680 44394 2572 8594 27646 8221 41536 596 34616 24022 16513 26155 2535 3015 22581 25607 37852 1330 34179 -1
2000 1416 596 34616 24022 3015 16513 26151 -1
34206 379 1837 457 27960 28482 24543 -1
11070 24495 855 3015 16912 -1
36178 40819 596 16513 26151 457 2231 35244 2572 24310 13894 32011 1985 18069 889 855 12620 -1
34802 3302 3455 41969 21159 30308 27614 3015 12620 -1
44394 2572 41536 2500 8847 3015 15427 1985 18391 -1
15605 -1
13587 3012 13894 -1
41536 34179 -1
16231 2378 3015 29466 3302 10705 7578 2000 2625 27960 3015 29978 -1
44394 7680 1200 -1
24435 1837 457 10316 3318 3302 1259 46598 3015 -1
1155 13502 508 451 10316 10571 3235 3082 -1
