19980221_0700_0800_VOA_MAN
02/21/1998 7:44:50.53
02/21/1998 7:49:19.76
2421 2718 612 2085 -1
30611 3015 24310 14177 -1
732 476 1259 34678 9743 3015 36744 12498 -1
2150 1259 30611 3298 2821 31011 -1
11070 32518 1985 27245 3015 25852 -1
21413 27924 1200 -1
27647 25995 25944 7570 8694 1985 28952 25634 -1
10702 20537 34834 27414 2572 50354 3012 2625 30416 508 3237 14177 -1
34033 15648 3015 18828 2345 3367 30002 14177 11041 2500 11419 -1
2150 1259 21413 37234 25607 2803 3748 2674 3981 3100 44466 35669 34703 1200 -1
732 1788 45278 18329 -1
9242 27646 23542 9649 3025 28488 3015 23142 -1
13320 2231 36431 508 1604 34703 3015 12955 20568 -1
10477 20818 3015 11787 24583 14177 -1
17998 20482 32518 3015 20754 16761 840 3015 24310 12890 -1
23542 596 14059 732 2000 1715 1730 8402 -1
508 1259 37957 24878 3015 23676 -1
1155 9545 31582 25453 31703 3015 11787 8107 -1
20818 1259 7709 1312 596 1289 2966 2730 3015 18316 8999 38359 3015 9908 -1
37957 24878 713 20250 29992 732 870 10789 9088 3015 11699 2878 8912 -1
2150 1259 1155 38486 596 44466 3015 1838 1407 17438 30066 11629 -1
22367 1985 732 870 9999 -1
34179 1155 3302 14881 19572 42546 2715 11787 24310 29055 1157 28214 3015 21412 3015 19264 -1
1155 1200 -1
37957 1200 -1
21442 8820 22880 3015 22743 -1
31817 10702 28826 34639 -1
18176 11787 3015 18828 35443 2505 13314 -1
18176 13877 505 3015 2171 3075 1985 -1
18396 2345 28826 2559 28661 -1
15648 732 2958 2471 10019 13877 3015 32022 -1
2150 1259 13877 10702 26492 20818 1259 2801 1143 22880 1985 -1
37957 1200 -1
20757 18329 11787 25958 16982 25198 2878 28826 22880 3015 1416 -1
23542 26759 1985 15655 12494 27646 3015 25960 24310 16737 -1
1155 1200 -1
37957 1200 -1
9242 27646 3015 1416 2938 2559 32164 20538 -1
32474 35822 3015 1523 -1
2085 2715 7833 22467 3015 24863 -1
8994 28421 18366 739 2938 2559 32164 -1
2150 1259 11144 3015 1259 -1
9242 27646 596 19372 -1
9607 -1
43889 -1
22495 2572 16956 33328 3012 29762 14787 27563 -1
10907 23542 10900 18541 12134 2878 31308 44341 3015 31359 -1
48360 -1
37957 3015 10991 1259 -1
9242 27646 8675 3015 33328 1143 2903 -1
23542 37849 9241 2903 3015 21637 -1
1155 1200 -1
24310 8691 23278 3015 14893 -1
21413 596 8976 2572 9427 1330 2913 508 2718 31011 3015 23390 739 8036 1985 29756 -1
37957 1200 -1
21413 2572 3331 3015 27646 657 12111 23274 28298 11070 3455 8675 42371 33328 3015 28421 -1
8036 3025 3007 28422 3015 31011 -1
3100 30381 3015 7548 32905 23669 -1
9241 333 23526 31632 11852 23553 3015 22660 -1
3043 1259 -1
3455 28298 3100 2737 28422 31011 8036 3025 3007 28422 31011 3015 14893 -1
739 3455 27536 3015 3015 2737 28422 38623 2498 3196 1985 3007 28422 3015 38623 -1
48493 -1
8594 906 596 23526 17231 33992 44542 1629 3884 23490 31892 2821 3015 7571 -1
8594 28439 3015 612 28422 1259 15907 21387 -1
2150 1259 15648 13792 28193 15648 8675 3015 18352 30613 -1
644 3107 14893 -1
21413 3015 24310 32916 15795 13812 21574 27647 16678 3015 12134 -1
3037 30611 27646 3015 44357 596 24559 36534 13182 32563 3015 16907 -1
657 12111 1416 2471 17030 -1
10907 -1
973 13023 -1
2559 23542 30002 24310 12890 -1
10907 -1
18316 38509 3455 36412 44458 16507 32952 -1
2530 2803 44458 -1
3318 3302 1259 14353 21442 22743 3015 -1
37957 1200 -1
18316 10609 23991 14457 3015 32480 -1
1154 10702 596 34352 11787 14177 41389 30165 29762 -1
1542 28488 3015 7443 -1
3043 1259 -1
27976 840 3015 7443 -1
23542 744 2160 8594 -1
1155 1200 -1
8594 18176 1424 39918 34295 2085 32188 32564 3015 2507 -1
2471 2913 11787 32467 855 732 1898 41331 3015 25995 34295 -1
9241 732 2085 -1
2471 31308 44562 3015 14964 16584 3015 18720 -1
37957 34179 -1
508 451 23540 3015 19264 23526 34352 -1
3043 1259 -1
508 12133 21413 -1
20253 2572 15418 1259 18316 3015 27924 7469 2710 2903 3015 -1
27595 3015 12320 -1
