19980617_0700_0710_VOA_MAN
06/17/1998 7:07:08.41
06/17/1998 7:07:40.80
38193 24271 31591 1985 1374 1788 10457 30695 510 -1
15648 2572 37958 13592 32928 44758 3015 732 1788 49949 20656 34545 10369 -1
508 1374 2718 1416 457 657 2000 2718 1416 1259 38924 1416 -1
15648 7817 1069 1985 3478 -1
38481 2345 32525 24488 16520 1085 487 -1
24271 1200 -1
508 1374 2718 1416 457 3015 732 2718 38486 596 23785 3015 27571 457 3455 732 2117 1760 3435 17410 3214 3132 -1
1760 3435 2447 457 1985 508 1788 49949 20656 -1
30695 510 22190 19194 1985 508 3103 13482 16743 -1
