19980304_0700_0800_VOA_MAN
03/04/1998 7:26:55.12
03/04/1998 7:30:45.78
14970 30883 44287 3015 34834 -1
732 2718 2497 657 11659 30157 8445 3015 876 20293 2572 1153 3015 20888 3100 13593 23088 1985 40661 24806 8635 -1
38481 1153 2345 24495 39458 -1
13320 36431 21413 37234 25607 1239 2625 2786 3100 40661 35669 3015 34703 -1
8594 13593 3015 520 15574 18642 35142 29992 20296 3015 11659 657 19554 3015 29856 -1
1153 2572 9367 35584 27499 3100 13593 34538 3025 34616 3015 11183 25312 -1
29992 1259 732 451 2308 39485 1765 13421 1947 3015 30157 8445 -1
27499 739 332 2620 2839 1989 -1
3043 24719 3318 3302 22747 -1
10333 31852 17275 1438 15648 29662 -1
520 15574 1200 1542 1004 20296 8639 3015 14832 12451 -1
876 3015 16907 2715 13877 27499 25724 459 2587 1985 44293 2913 1153 732 1298 3015 17227 -1
657 2559 3068 3015 10640 -1
21202 34180 26003 33830 3015 17234 26003 16875 3015 -1
1747 2913 1153 2085 1200 739 1259 2559 33584 3015 -1
18176 3302 8635 14884 1259 29636 33584 3015 -1
13877 21192 379 29636 1738 3015 12021 -1
1298 644 1193 3015 12021 -1
3043 1259 -1
29833 973 360 23931 7448 27499 3015 29037 -1
33852 16875 2938 3302 332 -1
34364 2913 1153 332 2989 16875 -1
20306 26005 657 16875 16739 20537 30002 -1
520 13241 1259 2734 30883 3015 -1
15648 596 42921 2406 44287 1330 29992 1985 732 2718 15427 508 451 25731 3015 31036 -1
15648 2231 30059 1985 732 2817 49238 3025 508 2718 1019 532 -1
35822 19993 2231 2715 13877 23065 -1
35822 21413 19993 2715 13877 36902 1200 -1
35236 13877 -1
28152 13877 2713 13877 12399 -1
15648 1200 3302 1259 1200 21442 2235 3015 -1
1722 2500 657 13502 -1
596 26214 3015 19993 3037 457 -1
40661 3015 26594 2544 4227 2482 1259 1551 457 732 2718 -1
973 23677 11048 973 2938 23931 2559 20645 -1
10900 973 7807 9545 24306 2620 -1
20754 28819 -1
15654 -1
973 23931 -1
39880 973 23526 3425 1153 732 2989 -1
973 892 3425 1153 -1
2544 4227 2482 3015 876 30121 10900 508 2885 2426 13520 1985 732 469 11659 -1
3043 1259 8473 3405 417 1985 12260 -1
2544 4227 2482 3455 520 876 21382 3015 34063 2713 40661 49151 22573 -1
1313 2705 624 739 29636 18439 -1
15427 24719 3455 11184 29535 15679 3025 1374 1024 21387 -1
2544 4227 2482 1200 -1
30646 3015 732 21413 1416 739 657 22833 3015 9649 -1
1155 2177 3733 2999 23951 1985 732 1024 13678 21387 -1
16803 35515 28421 3015 20648 25247 33839 -1
2544 4227 2482 653 2713 29236 3110 2413 28406 2471 22573 -1
13502 14970 3110 2413 18663 26594 3015 34834 -1
3110 2413 705 502 8535 3015 11656 8107 976 1583 1463 11191 16045 1985 508 451 2885 2426 3015 5121 517 -1
508 2718 3319 10723 21006 35986 -1
20767 457 983 35986 39485 1765 13421 8445 -1
20767 -1
657 18416 1004 1154 1004 1862 775 -1
39502 1259 10900 1154 3015 8972 -1
