19980505_0700_0710_VOA_MAN
05/05/1998 7:03:13.47
05/05/1998 7:04:25.54
41571 40819 26920 2269 1282 2718 612 11045 2572 3383 2831 6999 3015 22581 16507 44410 19012 15546 -1
26920 43295 2715 44410 19012 -1
44410 19012 24829 26920 3015 30899 1278 491 596 24611 2572 1155 3015 44911 23759 -1
44410 19012 12385 732 29825 41571 -1
1004 24559 19584 3015 31704 333 7931 -1
3043 1259 662 44410 19012 22214 3015 42655 22572 18598 22581 9138 14205 744 31076 24559 19584 24022 3015 12037 -1
32491 12178 41571 3015 12037 27774 -1
18598 22581 9138 1200 -1
15648 11408 12031 596 31011 26003 1294 732 2424 14849 -1
713 25245 13650 3015 25915 -1
18598 22581 9138 2500 11408 42655 32861 25464 12037 38925 2428 2717 31401 596 16792 30852 12498 21432 29762 25915 23892 -1
18598 22581 9138 1200 -1
18176 1154 3015 11408 596 13663 39588 12034 23728 31178 8891 13812 26014 21574 -1
1154 2345 31076 508 3103 12037 -1
