19980403_0900_1000_VOA_MAN
04/03/1998 9:35:52.97
04/03/1998 9:36:35.48
47292 7680 1815 1894 1318 1003 1548 25150 24022 18586 28330 -1
713 23926 1259 3302 1259 662 14461 30776 510 2085 34834 24702 2155 1159 4072 1294 3015 34670 32692 -1
33886 43158 28278 7570 40526 1159 2091 1747 1200 -1
508 2718 15325 39530 1259 732 2718 14547 9427 -1
1159 2091 1747 9715 24267 1200 -1
18176 50836 3302 28957 30312 596 2155 1159 4072 1294 534 18402 30218 3015 50852 1416 3015 15565 -1
50046 23542 2471 2913 47292 16836 855 3015 8697 -1
2155 1159 4072 1294 50852 350 17439 40819 1929 2722 1036 24002 1985 508 2718 25150 -1
34033 1200 508 1259 10853 7588 16836 30301 3015 28952 -1
