19980414_0900_0905_VOA_MAN
04/14/1998 9:02:17.65
04/14/1998 9:03:37.78
20709 42471 44501 31085 27414 29686 -1
713 25467 16231 596 8976 2572 24310 22188 3015 27960 -1
44501 596 -1
1099 3015 29686 19612 2345 26151 2280 3068 457 7680 -1
11047 27352 3015 19572 48863 -1
15427 9561 16234 21478 2572 14787 3015 13894 -1
44501 491 596 2913 11787 24488 -1
1099 3015 29686 -1
713 32082 20709 2572 11787 8895 3015 24310 2572 21478 22565 -1
1155 1259 38486 3100 34616 31085 27352 3015 -1
44501 596 34616 19303 1985 732 2718 12620 -1
1004 18526 16231 23542 24488 27087 3015 22188 -1
17429 732 2718 12685 -1
20709 37742 2837 2625 3068 14620 44501 596 20709 7680 40611 21073 14572 2535 -1
24811 1155 3015 7680 8868 -1
20709 1521 7680 1152 33975 1152 3025 20709 19090 499 3015 732 2397 29938 24806 17285 -1
1155 699 24002 3015 20709 -1
2572 2291 38925 7440 2878 16464 8805 -1
1167 3015 3311 1152 1259 20709 45184 16912 3015 341 0 732 991 7680 -1
1155 699 3383 2133 21148 20709 9209 703 2572 2291 38925 3015 32395 2878 32525 16443 -1
20709 9209 703 2572 2291 38925 13502 2913 1155 24488 17285 -1
713 33386 3311 1152 596 -1
20482 3025 -1
20482 19612 31582 27646 35244 38925 42450 3015 16907 1157 1542 3015 7443 -1
