19980302_0900_1000_VOA_MAN
03/02/1998 9:12:04.47
03/02/1998 9:14:31.95
28536 15025 38208 31446 2572 40889 16509 13703 44321 23669 33324 1985 29466 -1
855 3015 29466 17449 10705 1424 40889 13703 25312 18366 3037 457 20783 1416 22156 2085 25312 20757 3383 18329 23542 32479 1985 43226 44582 13703 3015 38208 3015 37471 -1
13320 1732 -1
36431 21413 37234 25607 953 1815 2879 3015 12955 34703 -1
662 20254 1099 35424 -1
38208 33266 40889 31622 2619 3835 2908 38479 24806 21413 45467 12498 1019 33687 3015 16907 1200 -1
1330 2718 12385 38208 2713 40889 19303 3015 12620 21442 21072 27774 -1
1259 10705 662 40889 25385 38208 12878 43226 17898 13703 15418 38925 -1
2500 1259 662 40889 40526 -1
2085 7548 23926 18175 25312 3462 3142 38208 37471 -1
38208 33266 40889 31622 2619 3835 2908 1200 -1
508 744 2171 1722 9574 2171 508 2718 13894 -1
973 18329 596 15418 25312 12685 3015 13894 1330 -1
2713 15418 38925 13077 -1
22581 40526 3015 10997 2710 8401 -1
3043 1259 -1
40889 25385 38208 12878 43226 44582 13703 15418 38925 42450 3460 1109 2057 739 1259 596 45467 12498 1019 3015 1077 732 2718 24756 457 34179 -1
1155 25371 3302 14881 2619 3835 2908 3015 27916 -1
3460 1109 2057 24267 38208 1200 -1
1330 2718 12385 1259 38208 34352 16464 21413 31629 3015 23840 31962 3015 12620 1259 23910 1728 15718 24674 3015 -1
3460 1109 2057 1200 -1
23059 40889 13703 25312 18366 3015 34698 7542 744 662 973 2085 15357 -1
18499 14970 40526 15343 44022 -1
508 2718 27774 1259 21074 35084 3015 -1
508 28525 3302 1259 744 2171 1722 9574 2171 3015 13894 -1
732 1490 2938 47009 -1
21442 18352 27411 3015 31036 -1
3460 1109 2057 34179 -1
20757 3383 9800 20061 40889 13703 25312 18366 3015 38987 -1
33852 16731 14985 4195 2148 25312 18366 744 3025 16875 31036 25312 -1
25419 9800 14985 38208 -1
9079 3015 25312 27571 2231 2345 27291 10553 -1
