19980521_0900_0905_VOA_MAN
05/21/1998 9:02:57.38
05/21/1998 9:03:44.40
10369 13003 8994 29122 12292 3015 34703 24559 1068 1190 2718 612 2572 18642 1077 732 16904 13077 657 2427 435 2999 17592 -1
13003 50152 596 13003 1259 732 2718 657 38118 3015 30457 3015 2857 29122 25917 -1
2764 25917 3015 22516 8086 1412 2656 1631 688 1200 -1
24559 2913 8994 25917 15357 3015 23391 17592 1985 3445 2827 479 16972 -1
2913 15991 25917 3015 23391 17592 1985 3445 2827 479 3462 -1
1412 2656 1631 688 1200 -1
23391 16743 3015 17592 1259 10477 2269 612 2085 23709 3015 732 3237 35728 3015 2857 29122 9793 -1
7820 13003 8229 26253 8594 8896 -1
29122 12292 18287 9564 -1
1259 18396 27959 3015 732 2718 8217 13894 -1
