19980303_0700_0800_VOA_MAN
03/03/1998 7:19:40.59
03/03/1998 7:21:22.27
28536 15025 50046 12916 23131 28421 38486 596 21413 2625 2471 43556 10134 1985 2997 732 3103 23600 -1
43556 3015 732 2718 8401 38925 -1
744 596 508 732 1099 2231 50046 1259 2801 10702 13531 1374 2718 855 3015 43444 13894 1330 24488 14798 -1
13320 1732 36431 21413 37234 25607 1197 1015 35669 3015 34701 -1
662 2847 620 35424 -1
21413 2625 2471 43556 14452 27960 38925 22631 2345 2471 19967 35401 13531 34002 -1
24733 2690 2572 2625 2572 38449 1004 854 43444 3015 25634 -1
3318 3455 508 2718 25634 35972 18571 43557 15427 14970 -1
43556 44207 22190 1888 1109 34179 -1
30272 37191 25634 3015 14798 10702 596 508 2718 612 24022 -1
3043 1259 43556 2471 596 508 2718 13894 1330 657 732 2864 9095 -1
1888 1109 1200 -1
1888 1109 1200 -1
732 870 43557 2913 13531 9242 855 32861 3015 31581 1259 657 31265 3015 -1
973 34503 1259 8946 50046 23136 25634 3015 -1
973 18329 43556 10702 596 16707 3015 16907 -1
19967 37191 25634 -1
3043 1259 13877 739 10702 1424 43557 657 25915 30066 7807 2913 508 2718 13894 3015 23676 -1
732 870 43557 31581 13531 855 32861 2471 2715 35401 31632 33692 29023 -1
22185 35401 24560 23542 2471 22655 21413 23873 24685 20253 24222 3015 32692 -1
43557 5361 1747 25915 15357 732 889 23914 -1
3455 50046 3015 2997 2875 24782 23136 25634 9670 1374 1715 -1
3043 1259 18396 10092 43556 2500 2559 23542 19967 2997 732 24782 3015 23136 25634 -1
