19980610_0730_0735_VOA_MAN
06/10/1998 7:30:58.19
06/10/1998 7:31:52.84
10757 27924 1200 -1
7820 10757 13589 2674 2433 2091 1109 3426 38486 30002 40756 11045 -1
46439 11070 17592 3025 2875 3445 1416 11039 -1
27924 1829 1200 -1
596 2184 2429 31011 3015 27440 -1
2000 1815 2737 3015 27487 11765 1985 31115 31011 -1
8727 657 732 3445 1190 16972 2718 1416 36512 -1
27924 1829 1200 -1
27440 28748 2714 3020 2091 9651 11727 19689 -1
27924 1829 1200 -1
15648 31581 596 24115 18366 31304 16435 3015 19896 32056 11048 -1
46439 23542 2500 2471 17592 -1
31446 1200 -1
508 1259 508 2718 31011 30081 961 1715 2085 341 11727 3015 732 3103 43822 -1
43822 2572 1838 12739 732 3445 13674 28325 29292 3015 31853 1269 508 2718 31011 16464 11727 19689 -1
3043 1259 40756 596 886 34628 2572 20579 31011 11121 11048 -1
11070 17051 1985 1154 3015 36409 -1
