19980319_0700_0800_VOA_MAN
03/19/1998 7:08:16.83
03/19/1998 7:09:17.00
596 15605 -1
24115 18366 37176 38481 23436 16747 457 36512 510 3015 16989 2572 29618 3015 33589 -1
38481 15605 27654 27320 28298 3015 732 2387 -1
848 29618 7935 -1
657 16975 2718 1416 10131 -1
27924 1829 1200 -1
24115 18366 37176 1985 16449 510 3015 16989 -1
2345 2913 15648 24488 46219 27196 16623 -1
713 18526 15941 3015 17395 -1
27654 27320 28298 3015 37186 29618 -1
3100 44753 32931 12486 19497 -1
2421 29437 8896 -1
2231 3100 22862 13434 457 12858 -1
391 1391 27462 -1
34701 9983 40434 3015 26509 -1
15648 596 23436 16747 30002 3015 16907 -1
15045 34650 3015 17239 -1
27924 1829 1200 -1
15648 491 596 2913 29618 7935 3015 19464 -1
24488 30802 -1
27320 27924 15015 1985 27654 27320 28298 19567 3015 -1
848 29618 -1
713 24488 35244 25312 -1
