19980607_0730_0735_VOA_MAN
06/07/1998 7:31:34.34
06/07/1998 7:32:07.83
21413 -1
10736 -1
38180 2572 31245 1659 1017 2884 2022 15404 4165 3015 29618 -1
596 50846 33749 16836 9671 15012 19612 -1
3455 1221 3445 1416 33034 1985 2884 2022 15404 4165 -1
50846 34742 596 38479 29202 1521 -1
15000 13482 2884 2022 15404 4165 16519 3500 3981 21670 -1
3500 3981 21670 3015 24054 1200 -1
15648 7931 50846 2191 24488 9715 13482 -1
644 3107 14893 -1
2884 2022 15404 4165 2572 50846 508 2000 2718 30637 27646 8895 3015 34333 9087 -1
596 25590 17161 -1
