19980508_0700_0710_VOA_MAN
05/08/1998 7:08:34.61
05/08/1998 7:09:09.84
42763 7689 2446 2033 4171 2155 3015 7573 28421 35634 24554 14364 -1
42763 32771 1944 2718 2903 12385 3015 8976 30572 -1
22744 2345 12080 24702 -1
2446 2033 4171 2155 20594 8217 8868 3015 18371 35825 657 49509 3015 31036 -1
2446 2033 4171 2155 38480 596 732 3103 20594 26147 1330 34179 -1
1155 596 23926 20594 1416 920 3015 16907 15035 1985 42655 3015 10997 -1
3043 1259 1155 34179 1155 8217 1259 3100 13144 3015 341 20538 -1
341 8866 14768 3015 40819 3037 457 15137 20594 32861 -1
30272 8976 13894 3302 3068 27959 -1
