19980501_0730_0735_VOA_MAN
05/01/1998 7:33:06.02
05/01/1998 7:33:44.82
44054 2572 1135 12197 22432 -1
24963 2717 20181 3015 31622 14881 38479 25590 15544 -1
2717 2847 596 49951 16519 -1
3520 24022 3015 2572 1135 1259 10477 596 2000 2718 13894 1330 13812 18663 24485 2878 651 38480 14333 12197 3015 -1
508 2000 2718 13894 29525 1259 -1
24989 29183 -1
16836 15012 -1
11047 18651 2913 46922 13616 3015 29357 -1
33624 44054 2572 1135 3015 40889 48863 2879 3631 3367 34179 -1
2717 2847 31622 14881 12197 22432 11054 1424 44667 3015 31622 18803 41240 3015 44449 -1
