19980305_0900_1000_VOA_MAN
03/05/1998 9:06:09.70
03/05/1998 9:06:53.79
47262 42655 1794 21109 22581 12320 40819 3500 2396 3460 2150 3460 3383 16684 -1
1155 10900 38486 1004 23626 23840 40819 3500 3460 3545 14839 33624 3383 24467 3015 25775 2878 34552 -1
3500 2396 3460 2150 3460 2572 19572 1374 16977 2718 1416 596 44485 24993 1985 1944 3445 21387 3015 34752 2280 8896 3383 16684 -1
3500 2396 3460 2150 3460 1259 41064 25775 3015 8217 37438 479 732 -1
508 3103 25775 3015 8217 1759 3015 1259 30297 596 16519 3500 3301 2394 24022 3015 16781 26088 -1
508 3103 16781 1259 28152 3500 3460 3545 25132 596 24559 -1
612 3015 12037 457 24188 7680 -1
