19980502_0730_0735_VOA_MAN
05/02/1998 7:32:30.25
05/02/1998 7:33:13.89
596 39239 16031 16519 2929 1329 3331 8727 657 2000 2156 20118 1889 3025 37471 28980 34650 -1
2929 1329 3331 7546 34654 3015 9446 11070 14205 3025 508 2718 457 4165 27646 32065 3015 2572 1583 12628 -1
3025 20818 -1
2500 21442 27957 37471 28980 3015 34650 1157 9608 3015 17726 2572 19689 3015 34701 -1
39239 8994 34179 -1
9289 29435 1259 40431 2857 8994 22597 3015 32861 -1
2929 1329 3331 3015 24792 1330 20818 18319 2136 965 732 1416 -1
31713 16678 739 25590 15003 -1
39239 8994 34179 -1
8994 2191 491 25590 15833 38478 24311 25830 3383 2751 3153 2929 1329 3331 3015 40431 2857 8994 22597 32861 -1
