19980616_0700_0710_VOA_MAN
06/16/1998 7:00:45.68
06/16/1998 7:01:53.93
35398 1200 -1
1155 2345 25590 30280 32528 31326 -1
8857 21413 33676 12320 24702 596 24310 1330 28168 35398 3015 16907 14122 -1
35398 27946 12498 25917 3015 732 1604 19718 1200 -1
32528 31326 1259 1004 1985 26012 14457 -1
596 21413 2913 35398 16844 24310 24468 3015 18828 926 -1
14457 1259 35398 1157 12133 3015 -1
35398 12498 25917 1200 -1
18176 21413 744 35398 15000 32528 31326 -1
1155 2231 10702 18651 24310 8697 -1
34033 886 35398 15348 20069 -1
713 21279 1155 596 32564 29762 1157 9651 3015 15689 -1
35398 2500 1200 -1
1155 23526 596 21413 644 19765 19303 732 889 2572 1583 12620 8896 -1
15427 10369 35398 15000 29978 2572 33742 31326 3015 13894 -1
508 1604 19718 2500 1200 -1
10477 21413 3015 31326 30264 35398 -1
19765 25230 7786 3015 35244 23606 -1
21442 22743 15000 29978 2572 33742 31326 -1
21413 2913 35398 32528 31326 732 476 28826 31581 -1
35398 17446 886 49951 -1
11164 -1
38208 -1
44806 11047 19572 732 870 27646 9784 31326 -1
