19980623_0700_0710_VOA_MAN
06/23/1998 7:07:52.82
06/23/1998 7:08:27.22
42763 7689 2446 2033 4171 2155 38486 15357 732 889 23520 24310 14177 3015 25634 -1
713 13910 22001 2572 26273 14787 510 3015 12399 -1
2446 2033 4171 2155 1200 -1
508 732 25634 34802 12111 3302 39440 3015 32035 -1
34436 43235 12883 8994 23706 3012 -1
3043 1259 -1
1155 1200 -1
508 2718 25634 2345 1269 341 19830 3015 42763 1416 31225 34766 -1
2231 596 2446 2033 4171 2155 12085 508 732 25634 3015 14893 -1
27647 25995 25944 7570 3015 732 2718 43120 7931 17284 42763 3015 24310 28952 18828 -1
