19980423_0900_0905_VOA_MAN
04/23/1998 9:02:17.95
04/23/1998 9:03:21.37
3383 29568 3015 41571 1521 22581 16507 2091 1747 1980 19012 1200 -1
18176 10369 29762 3302 33676 32035 -1
34742 14798 20537 7764 2572 28274 3015 24488 3015 2507 -1
29861 31401 2345 31076 24559 -1
612 24022 3015 41571 31704 -1
2091 1747 1980 11408 596 22655 12498 21429 29762 12933 14914 3015 25915 -1
1155 2500 1200 -1
1004 25385 31704 2878 17429 3015 18598 12037 38925 19902 41571 22581 16507 26920 -1
2091 1747 1980 1200 10369 29762 18318 21442 2913 18642 -1
612 3455 1155 2748 13306 3015 9000 8896 -1
1155 3015 25694 1788 44911 3015 3383 1355 16743 24488 30802 -1
2091 1747 1980 19012 1259 38480 596 41571 34628 919 2028 1257 2338 17586 508 2863 2507 3015 -1
1155 596 20768 26151 1985 1155 3015 29036 50242 27612 -1
2428 42655 40819 18045 2079 953 -1
13581 27646 3015 8994 1200 -1
18176 3302 28527 2091 1747 1980 19012 33624 12037 3015 25915 -1
508 3103 12037 2345 3383 18329 1259 3302 23547 3015 -1
