19980317_0900_1000_VOA_MAN
03/17/1998 9:31:54.73
03/17/1998 9:32:35.94
21413 2572 42763 3015 48863 -1
491 596 3460 2876 2758 31011 -1
7931 2572 20768 3015 27924 24488 26155 -1
10092 26155 2345 2429 457 15427 -1
8674 47292 2155 1159 4072 1294 3015 34670 26088 -1
21413 50094 1152 3596 33995 886 44471 27924 34742 -1
732 3045 40889 596 508 2718 27646 3015 16796 31297 -1
21413 2345 8946 596 44471 8129 732 2718 27647 33749 -1
596 50836 42763 14468 1565 2035 1882 2155 2800 2345 30258 47292 7680 1815 1888 1318 1003 1548 -1
2572 2155 1159 4072 3015 50852 7602 9471 30301 -1
7546 9245 34674 1985 31308 44078 1416 36512 3015 34670 26088 -1
