19980613_0700_0710_VOA_MAN
06/13/1998 7:00:46.65
06/13/1998 7:01:52.19
35401 3100 38483 1542 23728 886 36701 46835 2155 1159 4072 1294 3015 50852 350 20641 23430 24546 24115 13613 -1
508 3103 14128 -1
1099 3015 24115 12320 -1
744 1004 1114 1017 50852 3015 732 1024 1374 1528 20641 9784 868 -1
32354 10538 -1
23098 11047 15788 34766 34775 3012 13623 -1
40889 20641 16732 28710 8089 28300 42680 596 18047 1419 974 34179 -1
20818 2500 657 2710 2903 3015 20641 596 15446 1061 457 -1
14893 44471 2572 50852 11070 19967 35401 596 15648 3015 17620 24022 23427 11627 -1
713 16052 47292 15000 596 2155 1159 4072 1294 3015 49857 -1
35401 744 596 38479 24022 20986 23427 -1
886 47292 7680 1815 1888 1318 1003 1548 13182 13706 -1
16761 8217 28430 27646 38478 596 21818 23926 13095 18396 32541 47292 3015 27320 21910 -1
33886 744 3012 3025 1815 1888 1318 1003 1548 38721 26151 1985 42763 7680 38280 11048 -1
10369 27646 33711 23926 1259 2801 16836 2710 1004 19126 3015 8697 32035 -1
