19980521_0700_0710_VOA_MAN
05/21/1998 7:03:43.74
05/21/1998 7:05:08.58
10757 8790 49951 777 2000 2625 34333 31011 9561 23840 26088 -1
14893 10477 10757 41971 2878 10789 3015 24536 24040 491 18287 25481 -1
10757 8994 38480 30066 17257 1200 -1
49951 2191 3100 13663 39579 11045 -1
11676 29506 23806 36257 31011 3015 23390 899 24488 20117 2572 668 45090 17457 -1
17257 1200 -1
49951 1259 596 28525 21442 16464 15138 3015 18828 926 24488 20117 2572 17457 3015 -1
23669 1259 1004 1985 886 10757 27889 3015 23806 36257 31011 20184 13693 25840 29435 15348 11673 -1
10757 8790 49951 8946 10757 23806 36257 31011 3015 40431 29487 44941 -1
49951 35654 10198 29223 -1
7820 38528 39719 24488 36825 41971 11045 -1
689 3460 2000 2625 3015 27960 732 476 29636 24536 -1
49951 46203 3500 3301 663 2598 1200 -1
24435 16761 28541 40819 26763 49951 33676 23511 15565 -1
3043 1259 49951 1408 2345 24488 7807 3015 41971 -1
21413 42073 50856 1200 -1
18176 49951 3302 24488 41971 -1
1153 2345 1004 24685 49951 596 35244 29762 3015 12133 2878 20306 -1
49951 38721 2345 20184 732 2718 35728 43120 3025 41840 2085 -1
