19980625_0700_0710_VOA_MAN
06/25/1998 7:06:04.00
06/25/1998 7:06:44.44
27414 40073 1269 35398 3015 732 3990 19212 8407 2787 3153 36628 -1
37189 19212 1259 596 3383 1046 886 27414 3015 732 2718 28748 1278 13363 3015 -1
19212 2345 3383 15858 732 2718 28748 -1
18499 596 20768 31954 33549 -1
35398 3015 32373 45977 -1
3043 1259 732 870 27447 8107 1200 -1
15648 18329 596 19212 2033 3015 1416 11070 15945 -1
19212 1259 596 12385 732 596 27414 30646 11685 662 10202 33341 2535 3383 29992 3015 -1
35398 1200 -1
19212 596 31322 723 32518 28047 11048 19909 1985 27315 -1
