19980403_0700_0800_VOA_MAN
04/03/1998 7:38:09.36
04/03/1998 7:41:05.58
11164 27646 16252 2914 11070 31304 21413 -1
15648 2345 33624 44103 596 3469 23517 2571 1882 443 24022 3015 732 3237 34435 -1
11164 12026 2345 2572 21413 2914 11047 23059 19572 1190 2718 27646 3015 16252 2914 24854 -1
508 1259 596 1837 4195 16231 27960 36551 3015 19417 457 24488 3015 -1
36431 21413 37234 25607 2866 3596 2530 3578 3015 34701 -1
662 2847 4269 35424 -1
508 1259 732 2237 41323 45767 43996 11045 29686 21413 3015 2997 732 484 11164 15285 31622 2914 -1
37193 662 16983 1416 7574 3015 11164 27646 16252 2914 2345 596 3469 23517 2571 1882 443 3981 2998 3596 4072 1109 24022 3015 732 2237 2237 3462 1715 16761 3396 7764 1265 16252 1375 1330 644 42763 -1
28142 -1
18316 -1
31245 11047 21413 2914 36346 -1
2913 16252 30323 2085 1200 -1
732 1715 732 2924 3015 16761 3396 7764 1265 16252 1375 1259 41397 16761 41399 2572 43996 16252 34435 3015 8439 34435 -1
11164 10609 732 870 16761 2424 3015 16252 30323 -1
1395 732 2237 41320 16761 27920 40761 28333 2424 3015 3500 3460 3981 -1
27508 -1
2144 1745 -1
732 2237 41323 43996 10824 41718 41314 28333 2424 3015 3500 3460 3981 -1
2297 3578 3578 -1
11164 23926 36330 30733 2424 37941 2085 33624 508 3103 16761 3396 16252 1375 -1
16045 11164 10329 26273 2572 21413 3015 15285 24981 -1
24559 30073 657 961 1788 21413 16252 30323 29686 1985 11164 -1
33624 1985 596 20768 24022 3015 25585 11164 732 2237 40148 38205 28591 3015 26088 -1
508 961 1788 16252 30323 1259 25134 30081 1715 2085 2997 732 1615 29686 11164 3015 21413 15285 2288 18384 -1
596 43039 29686 19612 16464 1985 46937 -1
15648 25634 24559 24147 448 2841 11164 -1
33624 596 20768 24022 3015 16761 16252 41399 -1
2404 11164 34654 38205 28591 11047 15729 596 732 2237 40148 1282 732 612 30002 3015 21413 414 43039 43168 18363 14177 8896 -1
21413 2572 11164 30353 1985 14452 27960 -1
18500 7820 18642 13663 24880 32537 3015 985 2572 1659 40819 2619 1152 1815 10654 31704 32874 508 2718 45623 27646 3015 7680 11045 -1
1837 4195 16231 3015 31104 12320 10340 16596 -1
2000 2625 3015 732 870 11975 1829 11070 24488 1985 26696 -1
25230 21413 1416 7546 596 11164 1157 16464 3015 26463 -1
21413 42072 11070 29651 1985 2913 19233 11164 21910 3015 24267 -1
11164 16252 2914 2345 596 16761 3396 1330 22404 3015 12852 -1
11070 9608 1985 732 2958 3015 26959 -1
1221 713 3445 2410 3015 1308 2229 27441 3015 11164 1416 2572 21413 16252 1818 2345 19233 3469 23517 2571 1882 443 -1
1004 15648 1157 13462 3015 37941 8187 -1
