19980404_0700_0800_VOA_MAN
04/04/1998 7:21:35.92
04/04/1998 7:27:37.18
28536 15025 -1
18316 -1
2933 1874 12498 -1
24554 23696 732 1091 23059 41840 3015 34703 -1
10777 21413 23870 12852 18384 3015 26509 -1
24559 19584 2851 39227 22581 11627 1278 -1
8594 31787 27466 2345 2997 732 3103 1659 23864 713 42150 3015 17395 33624 -1
13320 36431 21413 37234 25607 1523 987 2572 1474 612 3015 34703 -1
24559 3015 2851 39227 22581 11627 -1
10099 596 19584 24022 -1
2220 -1
2933 1874 12498 -1
34703 -1
8594 27466 15742 3302 1659 23857 33624 -1
3043 1259 14881 36330 2421 1788 23864 3025 31453 16654 -1
3318 644 19572 27646 3015 23864 24488 24981 -1
8594 906 596 491 1004 32194 644 21413 29762 12623 -1
596 18642 18767 -1
457 1837 28723 26155 1278 -1
41536 8221 2572 44394 7680 2938 34179 744 25467 16231 3015 23840 27087 -1
23136 23840 24981 -1
1551 457 34802 24989 48860 -1
2428 1004 8594 23873 38691 15348 10336 3015 25674 2572 26807 8924 3012 732 13436 15363 -1
1551 457 1424 8594 1659 27466 33624 2851 39227 22581 11627 -1
739 1259 25467 27087 3015 732 2718 26456 -1
31432 8594 34179 24806 21413 3015 15325 -1
8594 18395 41442 20818 2500 21442 2572 19572 27646 24022 2620 22581 11627 -1
10900 732 476 31581 19572 27646 9372 8594 3015 23840 16848 -1
34703 1200 15742 8594 906 596 713 42150 3015 17395 33624 11627 -1
3043 25131 1259 2801 2471 9207 18587 33624 -1
739 2500 1259 38921 -1
21413 2913 8594 23870 3015 12320 34179 29636 26463 -1
18329 508 1259 8401 3015 732 3300 -1
2851 39227 22581 11627 3100 732 36037 732 1715 23728 -1
1838 2000 1715 24022 732 3103 -1
662 21413 27466 14120 -1
11047 19572 2851 39227 8217 27646 33624 -1
24559 1259 2997 16978 3103 -1
1330 3103 2851 39227 22581 11627 596 732 2237 41323 24022 -1
31432 657 23059 21413 -1
18316 -1
27414 -1
49959 -1
41611 2572 8670 3012 1944 2625 -1
732 28220 39298 3990 25188 -1
2875 3445 13674 2387 29618 2572 39810 1788 16778 33624 -1
21413 23516 1826 38361 3015 23840 13894 11726 8107 1974 3233 1290 596 24806 21413 37234 25607 33687 3015 16907 -1
920 24628 1985 2851 39227 22581 47815 3015 10479 -1
662 21413 8252 3015 2851 39227 47815 1259 596 22788 16898 7570 19486 3015 -1
31432 8217 3015 20826 713 30307 1521 15820 2913 27466 25159 8896 2913 39227 23542 9608 3015 14205 3015 20767 732 2718 11627 -1
8217 1759 3015 596 9249 -1
20767 -1
906 596 1732 -1
15820 739 2231 -1
2231 1259 1200 11070 1842 1985 -1
14486 2977 1985 -1
20767 42763 1732 906 596 25960 11070 24310 2938 23142 -1
739 3302 12337 508 451 14205 -1
3043 1259 -1
2851 39227 1944 2625 27466 11627 2500 9317 24022 13328 -1
20767 906 596 23079 -1
2231 1259 1200 25960 23079 -1
973 3015 23676 -1
2851 39227 27466 11627 -1
3318 21442 732 451 15418 1274 596 3015 732 451 31104 3015 20826 -1
20767 469 1259 7448 2851 39227 27646 23840 27087 23840 24981 3015 732 2718 26088 -1
20767 25590 11704 13328 -1
508 3103 8594 7931 1659 42150 -1
3318 3302 1259 1659 16852 23873 33624 -1
14450 657 3015 1416 33732 1259 8594 1663 34668 7807 23873 3015 732 870 18065 -1
1722 1200 508 2718 657 21442 31265 1732 -1
973 23931 10333 34690 21429 14353 1259 930 2530 3296 2086 -1
10900 16852 17576 508 1259 21413 48604 596 508 2718 3025 34616 29686 8959 886 8594 15357 2085 2231 1259 1200 1470 8594 1659 42150 1448 33624 -1
34501 1470 2231 1259 1470 42150 -1
10900 44114 -1
906 596 1732 -1
8594 906 596 2500 21442 3025 508 2718 31049 33613 3025 2713 13581 27646 9242 16852 3015 47815 27087 -1
2500 1842 3025 508 2718 31049 -1
15654 21413 469 15357 11486 1259 42150 -1
508 2718 31049 1701 1200 1259 25674 16145 33893 1732 -1
2500 1259 26687 12407 32838 33893 -1
973 892 508 2718 22727 2938 657 -1
10481 7448 2997 732 2989 23079 -1
2231 1259 1200 -1
20767 906 596 1732 -1
2231 1259 1200 8594 2572 508 2718 21413 3015 23840 27960 -1
10900 508 2718 2851 39227 47815 1259 662 21413 2085 8252 -1
20767 21413 1732 732 476 892 15332 2572 8594 23840 24981 27960 -1
3148 1985 35728 26696 8889 -1
11726 24488 732 870 39518 3015 23840 27087 -1
20767 508 1551 457 2231 1259 732 889 -1
31436 16875 1261 2938 744 732 33762 2085 357 -1
739 44114 732 13285 732 23387 3196 732 2718 20130 -1
15654 1732 21413 920 15357 11486 -1
1200 8594 1659 42150 2085 33625 -1
20767 33625 8896 -1
20767 11048 597 23926 31303 8594 1259 33624 2500 1259 3302 33624 -1
732 2718 8401 13894 2231 1259 33624 2851 39227 11627 3015 21413 2713 18316 657 732 2718 3483 3405 15119 -1
8594 2913 1521 33874 3483 3405 15119 23542 23136 29817 34179 29636 27967 -1
20767 8594 508 3103 1659 624 33624 2913 8594 2913 3483 3405 15119 3015 22752 11047 3483 3405 15119 1259 2801 23136 -1
44512 1542 732 2989 25878 3015 7443 -1
973 892 1728 1542 25878 7443 -1
10900 8594 906 596 11070 23677 1837 1407 12178 3483 3405 15119 23136 3483 3405 15119 -1
11070 1259 48198 3015 16739 -1
3318 33852 10900 8594 3015 29861 2231 18651 2977 1985 -1
508 11070 1259 3302 1143 23542 3015 16739 -1
20767 596 508 451 18828 926 -1
8594 -1
2220 973 1157 482 1732 -1
18175 2085 35851 9242 21503 -1
35851 32692 -1
33676 1985 732 451 -1
43762 2572 21413 18316 25467 596 23840 1330 3015 13054 22752 2572 12407 -1
20767 14970 9241 -1
14970 732 451 1389 3015 29759 2085 35851 9244 732 451 32692 -1
20767 39530 8594 -1
21413 11486 8594 1659 42150 -1
8594 2231 31991 1985 -1
508 1259 732 2718 16852 12320 -1
596 26687 24970 457 -1
20767 11359 2471 25164 13054 3015 1985 2291 644 12407 27960 -1
20767 14970 508 451 27960 2085 7548 2085 35851 1837 1407 9556 23840 14903 9199 8594 9244 732 2718 1520 596 3015 14205 -1
