19980220_0900_1000_VOA_MAN
02/20/1998 9:05:30.48
02/20/1998 9:06:27.16
11787 28069 16678 38478 16590 3015 16907 657 1296 657 2335 -1
30628 8961 41503 1407 2257 47161 17592 1985 3445 2827 479 44448 1190 -1
16590 3015 16907 1004 732 1024 22077 1555 3445 40759 2989 2875 36646 -1
38480 1407 2257 47161 17592 29200 1004 3445 2827 479 2989 1963 2875 -1
13003 28069 16678 16590 3015 16907 360 3015 18828 1259 36532 -1
2552 1298 8797 17592 3015 29200 1004 3445 2827 479 22259 2875 -1
7548 713 732 1024 1963 961 3445 2237 44615 1555 2237 2989 16590 -1
596 36961 19572 31011 -1
38383 -1
41170 -1
38522 -1
41764 -1
13499 2572 21302 3015 28069 16678 25404 13353 -1
15625 28069 16678 10340 15349 -1
27352 2572 40635 3015 28069 16678 657 1296 657 2335 -1
