19980302_0700_0800_VOA_MAN
03/02/1998 7:08:04.86
03/02/1998 7:10:32.64
2587 -1
12566 20254 1099 -1
41466 -1
13877 16508 2085 23670 35398 3015 24040 -1
35398 713 50058 3015 15535 15565 32810 -1
27628 22478 32480 11070 41712 27241 -1
508 2718 612 2231 2471 18608 668 1027 -1
21413 37234 25607 14216 1109 2066 1109 3100 27352 35669 34703 1200 -1
21442 1416 26492 35398 3015 24040 11727 -1
3043 1259 27414 27924 33852 8959 35398 3015 508 573 34703 -1
13320 36431 34703 3015 12955 20568 -1
35398 27946 8525 39098 12385 732 34703 1200 -1
35398 3015 22478 32480 23542 596 24560 2000 2718 12385 2033 18608 27241 -1
34703 10783 35398 16107 8426 38925 732 1788 42680 3015 26509 -1
24435 -1
612 2572 -1
612 41389 12883 1985 22478 30692 -1
3043 1259 1408 21442 8674 28368 25590 25245 3015 18720 -1
508 991 42680 1200 -1
2421 1715 2085 3015 45071 1269 35398 24310 16464 8439 15693 -1
9608 1985 1155 36667 3015 11727 26828 -1
27414 27614 1072 732 38359 3015 732 1788 2821 4087 18382 8813 -1
10477 35398 732 886 3302 32810 13894 3015 38364 -1
15654 508 573 34703 13189 2837 1077 11889 -1
35398 22525 2000 1715 30002 16107 2572 27365 -1
1269 27646 24310 13109 15552 -1
12133 3100 27613 26014 31765 24546 22478 9981 -1
24115 27924 1200 -1
10900 18767 16603 3015 22478 3015 31287 2115 3185 1027 1985 -1
15654 32296 360 1259 341 23142 3015 16907 -1
35398 2572 27414 48432 27924 3015 30301 -1
3100 18642 -1
612 11045 13109 25139 -1
732 1788 27414 41905 27924 1200 -1
2275 2651 35398 3015 24040 11738 -1
3043 2764 7570 13812 8959 17586 34703 -1
27414 27614 1072 732 617 42680 1200 -1
15648 491 596 29449 35398 3015 22478 12334 -1
3043 1259 15648 739 33852 8959 33108 8525 39098 34703 3015 37553 -1
22185 -1
732 1788 8994 27924 2913 508 573 34703 34179 26492 -1
1155 1200 -1
1330 2718 612 14812 27414 3015 732 1788 35398 38987 14748 -1
35398 8994 16627 14970 23285 13894 3015 38364 -1
2085 9092 2710 2903 3015 22478 9981 -1
27414 855 7680 2280 3068 457 39719 596 24068 11629 457 34179 -1
27414 2345 25590 886 35398 15348 22478 9981 -1
3043 1259 27414 2500 21442 15357 24559 3015 23979 9981 16261 -1
18642 27414 14970 48432 2572 19572 27647 7570 886 35398 9784 1985 25402 -1
1528 -1
3445 1024 21387 3015 22478 -1
