19980618_0730_0735_VOA_MAN
06/18/1998 7:30:03.29
06/18/1998 7:30:44.00
2220 23840 9743 2368 3963 9427 8366 34703 -1
10757 2220 1200 10609 30081 3025 22075 1848 41969 -1
2368 3963 9427 8366 596 2997 732 3103 10369 10757 2572 49951 3015 2576 16848 3015 34698 457 1200 -1
2220 28181 49951 3015 41969 596 1944 3025 16983 1848 8895 -1
2368 3963 9427 8366 1200 -1
2913 10757 41969 3015 28181 25929 10757 2000 2718 10528 11726 3015 48486 1157 33324 13703 2424 65 10043 3015 16271 -1
28516 2368 3963 9427 8366 3015 34703 -1
49951 596 1330 2718 612 3015 41971 457 23669 11070 27242 1985 13069 16271 3015 41969 -1
