19980609_0700_0710_VOA_MAN
06/09/1998 7:07:12.86
06/09/1998 7:07:48.04
50171 23926 596 -1
1715 8891 -1
8284 596 28339 1330 18651 14549 33954 3015 7466 -1
29953 2572 44037 29861 508 2718 23926 -1
15648 11408 596 37191 24472 17185 1521 -1
2715 15648 2710 2903 3015 16904 -1
10333 10207 1200 -1
14549 33954 1259 15648 23058 14117 17218 3015 34363 28448 -1
26455 34766 18384 573 34710 1200 -1
10541 33959 41420 2572 2357 647 3015 14549 2471 3455 2616 5967 2572 24401 3012 19572 48511 13109 1019 1730 -1
713 8709 15648 15945 -1
