19980527_0730_0735_VOA_MAN
05/27/1998 7:30:03.09
05/27/1998 7:30:43.83
27647 25995 25944 7570 48863 1742 3981 23728 2572 50354 29013 24310 16732 3015 27924 26151 -1
15427 732 889 10541 9062 10752 24310 3043 1259 11070 9670 8828 3015 31602 25634 -1
1742 3981 26166 1985 10752 29013 24310 16732 3015 7550 27924 -1
10092 1742 3981 2500 2345 26151 10752 7680 2619 34452 2572 42655 22190 -1
1742 3981 34179 1155 596 886 27647 25995 25944 7570 15343 34698 8891 -1
2345 2913 10752 24040 7469 19723 -1
25230 38383 508 2718 612 30002 3015 30572 -1
27647 3359 25944 7570 23926 9670 732 889 1190 3445 17998 709 21387 3015 31602 25634 -1
