19980508_0730_0735_VOA_MAN
05/08/1998 7:30:03.61
05/08/1998 7:30:44.81
21413 457 2955 15397 21774 38478 29825 38193 -1
644 38193 7689 50887 24022 24546 26155 -1
41840 34179 2717 2847 34365 47743 2999 22655 20818 3015 9427 25915 31942 3460 713 2572 1135 3015 25139 -1
24510 23728 7548 24782 3015 15544 -1
38193 732 3045 24806 21413 1004 31942 16974 2718 612 2085 2572 1583 24516 3015 25139 2878 15357 3015 732 889 25634 -1
21413 2231 7931 11486 1730 1152 3844 4165 7689 2572 49949 40819 50017 12385 732 3025 41840 24022 16513 26151 -1
49949 1416 11070 24806 37191 25634 -1
2878 1730 1152 3844 4165 7689 573 10198 24002 -1
