19980316_0700_0800_VOA_MAN
03/16/1998 7:23:10.22
03/16/1998 7:24:18.94
28536 15025 -1
42763 7680 38280 10900 17962 1106 2878 14636 1985 29825 50626 3015 16904 -1
36431 21413 37234 25607 50114 3100 40459 35669 3015 34701 -1
662 20254 1099 35424 -1
732 1788 8188 1200 -1
38280 28819 2587 1985 732 870 -1
3043 1259 17962 2500 1259 10333 17863 -1
1155 906 596 3067 596 40459 24959 3015 34156 2033 -1
50626 42680 2913 40740 25607 1200 -1
38479 14327 -1
38280 7680 28819 33919 -1
24022 1985 2397 769 -1
9350 8202 8808 2572 43164 38344 21774 1045 3315 1003 1548 -1
36874 40762 1167 3015 42763 7680 38280 38478 18651 1985 15653 3015 26088 -1
596 11191 9183 2497 657 11727 3015 41872 28814 8896 23728 29175 41184 -1
3043 1259 -1
36097 3835 1974 2696 3015 42680 1200 -1
38280 3302 2471 28957 508 12385 3015 28421 25634 -1
34802 33624 2934 2016 1102 3015 16513 26147 -1
644 3107 14893 -1
38280 29218 2220 1200 491 2497 448 28816 -1
7680 43867 3015 12498 1200 -1
38280 29218 12385 732 28681 3073 1374 16987 2924 -1
