19980616_0700_0710_VOA_MAN
06/16/1998 7:03:34.97
06/16/1998 7:04:19.86
42763 12498 25917 27647 983 3137 39098 -1
9983 42763 7680 38280 3015 26509 -1
47292 7680 1815 1888 1318 1003 1548 11070 14881 2572 2155 1159 4072 1294 3015 50852 29487 8215 18384 24022 2572 1583 26155 -1
27647 983 3137 39098 9983 38280 3015 26509 -1
1155 13502 1155 2572 1815 1888 1318 1003 1548 38486 596 40459 3015 26155 1728 34834 24702 47292 2155 1159 4072 1294 3015 14177 -1
20818 508 2718 34701 2500 21442 26014 8959 -1
596 508 8891 -1
50044 28278 7570 3015 29618 1004 13182 47818 -1
12385 732 596 3460 2876 2758 31011 24488 11627 -1
713 24267 1815 1888 1318 1003 1548 15000 596 2155 1159 4072 1294 3015 34670 26088 -1
