19980604_0700_0710_VOA_MAN
06/04/1998 7:00:39.39
06/04/1998 7:02:06.41
8594 8994 9660 21413 7680 44394 10369 3455 2715 8594 21478 37429 31592 597 11714 732 1715 3015 23926 -1
8594 38988 42680 432 3426 578 38480 1200 -1
44394 7469 1985 21058 3015 23926 -1
1155 2500 1200 -1
21478 37429 31592 1259 457 1837 24310 27960 3015 25958 -1
3043 1259 -1
432 3426 578 8418 8594 13502 41840 29562 36246 17284 8594 21478 37429 31592 3015 7488 -1
3318 28528 8594 38108 37429 31592 -1
44394 38481 1200 -1
3302 11714 8594 21478 37429 31592 23542 2471 15693 21413 2572 34616 8895 3015 9427 27960 -1
24458 -1
10369 8594 24488 25674 8036 2572 23944 21413 12037 3015 32401 10789 1985 18396 3015 31580 -1
10907 -1
21413 2625 2471 34179 24559 732 2958 18328 17297 21478 37429 31592 3015 13894 -1
21413 8525 40004 24043 1109 1730 1109 38481 3383 516 3025 43556 18838 38925 24022 21261 26147 -1
15427 21413 3015 27646 35244 1259 2801 699 1837 457 28298 17685 24966 2878 16464 15693 -1
3043 1259 -1
42655 3015 8217 40819 -1
1551 457 34802 21413 2625 2471 37625 10956 44342 -1
11070 8716 35066 -1
34179 8946 44394 11714 8594 21478 37429 31592 3015 23926 -1
24435 15648 596 10369 8594 3015 19571 13894 1330 644 44394 10997 2827 5063 -1
