19980621_0700_0710_VOA_MAN
06/21/1998 7:01:32.58
06/21/1998 7:02:20.32
21413 12498 8366 10777 8594 27646 8221 41536 3015 26509 -1
8594 24559 18767 2345 1526 1232 27647 8976 2572 48728 28278 -1
27647 17442 21442 22631 2913 34703 457 3015 41536 3015 25079 7469 29835 -1
21413 27924 10006 13502 508 2718 28278 23526 596 44394 7680 38480 23728 3015 8594 479 844 3015 27571 457 19303 -1
44394 1200 -1
24831 8999 1259 1269 34616 7521 18391 3015 7549 29759 -1
44394 2913 40661 36567 1200 -1
11408 2625 2471 36246 15427 14970 11714 8594 3015 37429 31592 3015 29942 10702 29568 -1
1155 3015 15546 1259 38483 30066 3015 -1
12111 10944 13502 1269 508 451 10510 31592 713 8594 28940 18391 25618 1004 15128 -1
