19980228_0700_0800_VOA_MAN
02/28/1998 7:32:24.31
02/28/1998 7:33:26.80
46461 31446 31591 1985 732 1788 8594 25607 -1
2220 1200 1155 3383 8805 -1
14477 34703 12385 732 1143 36257 21317 38085 2913 46461 27466 32385 3015 13482 16743 -1
46461 24268 1200 -1
38527 417 41170 25607 2280 2482 38478 3383 31591 -1
31591 1954 1259 46461 48604 19305 3015 -1
38527 414 41170 25607 3383 8805 34703 1143 36257 21317 38085 596 46461 34628 27455 25972 27466 32371 3015 16907 12084 -1
596 -1
1788 15945 18366 457 -1
657 46461 27466 15981 -1
508 573 34703 3302 29196 16737 -1
24268 1200 -1
508 1788 25607 2559 23542 2471 3383 18672 32453 -1
7546 2421 2718 12385 46461 8994 30312 25607 3015 15565 16464 19971 -1
2000 2718 12385 11041 1246 2666 651 21413 10336 30871 12498 1019 3015 732 1788 46461 25607 -1
10900 34703 46461 34628 3015 9446 2878 9652 13693 18366 3015 14205 -1
