19980606_0700_0710_VOA_MAN
06/06/1998 7:04:04.76
06/06/1998 7:04:43.09
596 10757 -1
36644 23433 3015 11690 15227 3015 1416 -1
491 25590 9564 -1
2220 10757 35395 39010 38478 34701 -1
17464 -1
2924 11039 3015 19384 11070 31308 8727 30085 1374 3445 1416 15945 -1
10757 27924 1200 -1
612 -1
2584 23728 3015 22525 28668 -1
1259 10757 3429 2718 2903 16764 11045 341 11727 3015 732 3103 -1
16464 508 3103 18457 13482 341 11727 3015 31011 -1
1259 3469 2024 3926 3425 2572 20714 3015 3500 3020 2091 3425 -1
50177 1200 -1
15648 13502 2417 646 20537 596 3379 12385 31085 10757 341 36300 -1
9241 596 43772 8891 -1
10757 20818 3015 18457 2231 1728 10340 26429 -1
