19980509_0700_0710_VOA_MAN
05/09/1998 7:02:07.40
05/09/1998 7:03:07.28
38180 20714 3379 12385 30002 3015 40348 9608 3015 46439 11070 17592 3025 732 3445 1963 732 1416 -1
14893 11726 18366 25590 596 29557 457 14496 11884 2710 2903 3015 44801 -1
38478 19112 2914 596 18049 1678 24126 732 1788 3383 796 596 14485 926 11070 1374 1099 3015 20656 -1
18049 1678 1259 1747 3301 2057 3981 11043 16435 11727 3015 32931 -1
2220 34703 508 1259 38180 42779 341 11727 3015 45071 479 732 -1
20818 18318 657 2000 3445 1416 45977 -1
38360 1200 -1
37176 44801 3015 13502 37953 876 -1
38180 31446 11070 12085 508 2718 31011 14121 9731 -1
38180 20562 33750 1745 3301 2024 1678 1200 -1
8994 11070 3459 3153 44772 1374 19317 21387 3015 23220 24120 9734 -1
38180 20714 40879 3015 34663 3170 357 17799 3015 34175 -1
12337 26765 2878 926 3015 40348 -1
32075 25143 -1
34033 3455 12111 18405 26083 11672 -1
