19980226_0900_1000_VOA_MAN
02/26/1998 9:22:47.78
02/26/1998 9:27:33.51
21413 1521 48604 36341 33874 1521 567 21893 732 2718 42586 43120 -1
19103 37099 651 34616 644 15625 8895 -1
36341 596 34616 30258 34616 40819 24434 26273 36679 22455 457 2918 30220 3015 26155 -1
36341 357 2535 33874 -1
8594 27586 886 15605 30059 1985 855 3015 12412 -1
2878 15625 40819 20818 739 7469 1985 25878 3015 26210 -1
34033 11070 34179 -1
24434 35249 42043 42862 2680 9164 29686 31787 -1
13320 1259 21413 37234 25607 3015 732 1604 10369 34703 -1
2231 596 1330 2718 612 21413 48604 3735 2879 19233 34616 29686 1521 3015 732 2718 12385 -1
1155 3015 19247 48604 36341 21893 732 2718 662 1521 21413 43559 22566 26147 8221 18046 2184 1277 36796 -1
1521 27646 35244 16732 8191 3981 2163 2148 1894 2800 1109 2572 1521 8191 48604 44062 23794 3012 7574 3015 42586 43120 -1
19103 596 34616 25925 25042 -1
596 1077 34616 10369 27924 24488 1985 1374 1099 3015 26155 8896 -1
36341 732 844 653 2751 1017 15625 -1
1077 15605 27924 24488 26151 -1
15742 14450 2913 36341 508 3103 29686 15628 -1
15605 27437 22455 1157 15427 3015 13894 3302 1302 8906 -1
3043 1259 2220 -1
41840 10474 -1
3012 34703 -1
508 13183 1259 21413 29762 3455 15545 716 2238 3015 15655 -1
2997 2875 30301 18671 29779 -1
35711 16844 3015 12320 -1
36341 596 24806 25607 33687 3015 16907 34179 -1
23790 2997 2875 30301 27732 3015 1759 3015 -1
1259 7655 1077 8594 7550 40819 30301 3015 23205 -1
1421 2180 21413 2625 2471 -1
18663 27946 18671 1157 33852 18663 3015 12650 -1
2220 34703 -1
15605 27437 3015 24040 11047 18287 21064 3015 15605 30457 18909 -1
1259 36341 35548 27954 3015 8436 -1
34703 1200 -1
36341 30258 34616 40819 -1
24434 26273 22455 457 2918 716 2238 3015 26155 -1
596 15605 29686 1278 -1
36341 2500 2913 15605 40819 34179 -1
15605 18176 9024 12085 30457 -1
2345 33852 8795 21413 3015 23840 8946 -1
15605 27437 22455 8994 2913 36341 29686 -1
7469 1985 25878 3015 26210 -1
2231 596 36341 22771 34616 961 1099 11048 -1
8594 38988 12085 -1
8594 9914 3302 28982 18352 45968 -1
26273 1077 15605 3015 26155 -1
2220 34703 -1
34616 3429 27946 3015 42033 1521 33874 739 8716 15605 3015 42043 -1
34179 26463 42043 42862 2680 9164 596 22455 24488 8976 12623 10101 26155 1521 -1
29686 8594 31787 -1
15605 3015 50250 884 1024 3235 34179 -1
15605 2345 22631 7887 24488 26273 15544 3015 7931 28421 -1
3379 38481 -1
15605 42043 653 12085 2345 24434 35249 2680 9164 42862 29686 31787 3015 16728 -1
457 2918 1985 2000 1715 3429 37225 3015 27437 22455 26155 15891 8465 653 32518 1985 -1
47527 653 732 3122 -1
3015 24041 -1
21413 33777 31703 37772 24878 2737 688 1856 18329 -1
21413 3100 457 13876 -1
36390 1985 732 2958 3015 14628 7443 -1
2737 688 1856 24878 1200 -1
21413 739 13502 508 2718 27437 22453 1732 -1
897 3483 965 1261 -1
20767 744 897 3483 965 1261 1732 -1
732 2958 744 657 24831 -1
3502 -1
33846 3015 2507 -1
33852 28208 3015 2507 -1
2559 20638 22453 1732 -1
897 3483 965 1261 -1
15654 -1
508 2718 -1
3015 508 2718 29686 -1
26003 1259 -1
3015 508 2718 29686 1732 -1
23542 49166 -1
739 9561 1985 732 870 22597 -1
3502 -1
3043 1259 1732 -1
1259 3302 1259 10900 21413 3015 24915 2878 30002 41266 3015 7443 1732 -1
973 892 508 2718 23542 2500 780 479 27515 -1
15742 15625 2572 34616 653 732 3103 3070 5878 -1
1985 15544 3015 31778 -1
3043 1259 16231 15544 3015 8976 22642 18318 887 11036 20755 33870 2973 2572 -1
33886 -1
7820 31787 3015 42033 26174 1023 31272 18642 2913 -1
732 2718 8594 -1
19701 855 707 2999 24488 1985 732 2864 24674 8896 -1
15605 3015 36906 739 15357 1985 15655 3015 732 457 2000 2625 3015 855 28198 -1
21413 37234 25607 2847 620 2345 596 -1
27957 36679 35839 27960 855 29978 34698 -1
3015 2997 2875 3298 2821 2033 1470 8594 13894 8107 29449 15655 -1
732 457 2000 2625 -1
24177 1259 2801 23528 -1
