19980306_0700_0800_VOA_MAN
03/06/1998 7:31:56.31
03/06/1998 7:47:01.54
596 18343 28878 37068 -1
25508 -1
8160 -1
26003 1259 14935 29762 -1
21413 42072 3015 18391 34698 34179 -1
13116 -1
11047 12351 2713 21122 2866 3015 33748 15127 34802 34766 37068 3015 20568 -1
24268 596 15832 8891 -1
34364 744 26014 44321 26003 1259 29955 19305 3015 15832 1954 -1
8768 31591 1278 28986 3015 15832 22649 -1
19971 18384 1200 -1
31591 1278 28986 3015 15832 -1
15127 33878 1259 14163 -1
30133 33289 3383 24268 2644 1004 10777 -1
31416 1259 596 31591 13164 11037 3015 31036 24488 15832 3015 22743 -1
2710 657 1290 510 -1
24268 18318 24316 17424 21941 -1
25312 33059 -1
2220 44356 1200 -1
8768 596 15396 3015 18828 8887 -1
3293 9800 24271 3302 32770 15832 1954 2231 24488 15832 -1
22651 -1
31591 15449 -1
26003 657 16737 13182 20897 491 596 32128 29804 3015 26088 3012 -1
596 17586 3015 18828 8887 -1
24271 34364 596 -1
12739 8892 34698 44321 26003 1259 29931 -1
28516 38458 3015 27774 -1
15984 31446 2572 8642 31446 23526 886 44321 3430 2697 1256 15357 25376 30899 3015 16357 11408 -1
11054 16602 20897 17446 33613 8439 29804 3015 8963 -1
33886 28516 13116 15127 19967 25376 30899 -1
2572 28878 14935 44856 3015 19572 12320 3015 11177 34364 1259 29942 2878 3302 1259 8986 -1
596 7521 21124 732 29762 -1
21413 42072 3015 18391 34698 16508 15547 11699 2713 32595 7764 -1
13116 27774 1985 11699 2713 32595 7764 -1
31446 596 16852 12320 479 457 -1
25960 7521 1985 9242 18624 -1
15742 9242 18624 16464 24467 28156 48718 -1
26003 1259 29482 27614 3015 29942 3015 21072 3015 13095 -1
3043 1259 9242 29942 39530 3318 21442 8828 -1
24435 34690 29834 15605 17442 3015 28534 8976 27916 -1
3043 1259 30852 21432 -1
10481 1259 42911 -1
18318 16464 732 2958 3015 8976 10640 -1
10900 42079 -1
44672 8994 2572 23870 -1
18318 23390 379 1374 3068 42911 3015 43255 35752 -1
42079 596 2559 3068 32838 1330 29651 1985 2913 27799 21432 3015 23390 -1
3043 1259 19971 18384 18318 1200 -1
9242 21432 3015 34703 19900 42079 -1
19541 42656 -1
596 28660 3015 15605 2997 1190 3068 42911 596 44457 23788 -1
508 2718 42911 657 37336 3015 42656 40502 3015 34590 -1
508 2718 42911 2308 2786 3830 3926 42911 -1
1154 31942 42079 2913 30871 3015 22034 -1
34033 34206 379 3221 12498 30457 36229 8439 3015 33759 -1
13789 37899 -1
10335 42911 3015 31792 32518 -1
13174 25253 1985 42079 23390 1374 3068 42911 3015 10984 -1
1551 457 732 870 10335 42911 34019 24756 -1
28329 29861 37742 -1
657 -1
3015 25508 23526 16598 45467 -1
1551 457 33878 657 12111 8401 3015 27647 19845 -1
2500 657 15998 7866 3015 31036 19845 -1
30133 12111 10335 42911 -1
34019 2421 2718 8594 31787 19845 -1
2572 18316 19845 3015 24756 -1
2913 48629 3015 23390 -1
35441 2913 1145 1255 1145 20755 3015 11734 -1
30133 491 596 41389 2999 29651 -1
3100 -1
1715 3025 -1
1715 -1
612 -1
8994 38508 16612 -1
2821 27799 19843 3015 17415 -1
7700 657 -1
2718 19843 -1
1551 457 -1
2718 11070 29469 32545 -1
596 19567 3015 -1
2718 19843 457 -1
12111 596 19907 31011 -1
33886 855 19967 3015 25164 30868 27799 29817 2559 10336 -1
10907 19971 18384 1200 -1
9242 27799 1145 3302 20537 9207 3015 644 31446 2913 1442 3028 27799 3015 22034 31000 23636 -1
27917 18384 1200 -1
28516 30051 36937 3015 27774 -1
892 744 10609 48629 510 32770 3015 7874 34364 1259 33144 30868 9777 1157 12133 3015 25944 -1
508 34501 2231 13095 1985 2718 1416 2572 14642 17415 48629 10670 44805 -1
2220 34703 15605 657 732 3445 2903 2397 14063 36937 3015 30997 48629 -1
1551 457 12111 644 42656 657 27960 -1
29632 24288 -1
1715 31446 12180 1985 10369 40251 3015 29942 -1
713 13106 20145 2866 2572 27646 35244 2866 3015 29817 -1
34033 18651 1985 30272 4059 900 12320 3015 13095 -1
3043 1259 27646 35244 2866 11047 21129 14642 2866 10386 25775 2866 3015 13058 3015 29942 -1
18318 34761 1985 24467 12071 48718 -1
26003 1259 24467 10611 29482 27614 3012 20568 -1
31436 9242 2718 27774 39530 11070 35443 8828 1985 -1
15605 3015 43408 -1
16477 24271 33394 2452 18662 657 17769 -1
17952 -1
20147 -1
7397 17315 29694 28292 -1
18475 8642 2452 17734 2614 1180 3015 38138 -1
24312 18181 12498 32595 26088 18318 1259 26067 2878 7764 3015 -1
732 1715 2085 21442 12852 1200 31446 2913 12498 34690 16836 12498 25312 -1
739 21442 30002 35523 8976 9999 21444 10750 4081 3015 16743 -1
24271 657 3015 16907 1004 1985 33393 17927 33716 2878 24488 15832 -1
28516 38458 38508 3015 11408 -1
18352 3100 8594 31787 24499 3015 43405 -1
34364 744 15858 38508 32595 3142 25312 -1
33711 596 15605 32528 26003 1259 32595 -1
38508 2500 596 20905 24467 24499 18352 12071 48718 -1
26003 1259 28156 25164 1072 732 9416 14178 8642 -1
26003 1259 34972 31276 -1
26003 1259 14168 29954 3015 43405 -1
33886 31453 3015 32595 28298 35825 7517 508 1091 27774 -1
36246 36471 31792 23062 651 457 2515 18395 2690 2572 2625 3015 33716 16405 15605 -1
30133 732 870 10335 42911 8072 14063 17297 3015 8594 31787 49252 -1
30272 45799 35825 657 13095 -1
34197 33828 3015 8976 27916 739 1259 33285 3015 13149 -1
15547 2572 1583 25775 2572 24706 3015 7764 -1
21413 42072 3015 18391 34698 1200 -1
13116 27774 28319 657 25775 7764 -1
3043 1259 31446 596 8828 457 2913 9242 18624 30221 10340 13095 -1
10386 2572 25775 2866 9800 2572 1583 16781 -1
3043 1259 44630 33912 12071 48718 -1
33912 17986 15616 8211 -1
30133 34364 24312 16781 31042 41349 16731 19967 -1
39530 31446 3318 3302 28871 12071 15616 8211 3015 44630 -1
13116 27774 28319 657 24706 3015 7764 -1
3043 1259 31446 596 8828 457 2913 508 451 18624 30221 10340 13095 -1
21129 7570 2866 11408 15653 3015 28319 14642 2938 886 31446 31178 -1
3043 1259 31446 24002 2715 732 870 14642 31178 -1
22651 15605 18391 12626 -1
15605 31703 24878 12626 -1
2713 15605 26455 34766 22572 3012 14642 -1
10900 9242 14642 3015 21044 16792 1985 15605 3015 7739 -1
732 870 27924 18318 3302 13462 508 2718 7739 -1
18329 508 1259 28156 15605 30457 -1
596 7727 7764 29762 -1
21413 42072 3015 18391 34698 1200 -1
13116 27774 28319 657 7727 3015 7764 -1
31446 39530 7521 1985 37191 7764 -1
596 24222 12320 -1
36025 21910 11116 596 29825 15605 3015 7764 29762 -1
21413 42072 3015 18391 34698 1200 -1
31446 3302 13096 24054 596 24222 21910 3015 7764 -1
3183 15605 26699 3025 27613 21910 739 1259 19636 3015 13149 -1
24046 596 27441 3015 15605 26699 32770 510 732 3436 3383 30047 1985 27441 26596 26699 -1
15648 3025 15605 21910 34364 744 26014 18132 36937 -1
28516 -1
1715 14970 3015 27646 35244 2866 38439 -1
8768 31792 3015 16737 32725 13182 20897 17446 33613 47723 -1
26003 1259 34670 26088 3015 18828 8887 -1
3293 23526 24002 508 2718 1416 18132 -1
24002 18132 2713 32566 3015 22743 34364 744 28628 43066 -1
43066 1395 657 10915 -1
23526 886 732 2718 15418 38925 17581 -1
21442 12852 1200 -1
1715 657 1416 32566 -1
26003 1259 18132 9652 24002 -1
1715 34920 3015 855 32035 27774 -1
33227 417 596 14461 3015 15605 26699 32770 510 -1
23526 2480 15605 -1
26273 26683 -1
657 1985 26683 8962 3293 20537 33624 12037 26003 1259 24188 28272 -1
1715 11045 -1
15605 43235 29651 1985 15605 24054 3025 8594 31787 21910 3015 13095 -1
15605 24054 3025 8594 31787 21910 739 1259 33285 3015 13149 -1
2913 8594 31787 24054 3015 18132 13095 18318 34445 783 -1
31446 15742 3302 9914 3455 657 23542 16464 8976 19673 3015 1416 19209 31787 -1
3043 1259 28516 31787 27960 2866 -1
31446 732 3436 3455 35523 24310 9999 29632 24495 15605 3015 44162 1185 2480 31787 -1
18642 40134 31446 596 3383 15605 29931 20152 3015 2000 1788 24768 29618 3015 8594 31787 28319 35708 19610 11048 -1
3455 15648 19209 31787 -1
596 7521 8976 18624 29762 -1
21413 42072 3015 18391 34698 1200 15605 28319 657 28957 8994 3015 18624 -1
34698 1200 -1
1715 15605 2997 732 3103 24022 1985 7680 37237 -1
32148 14364 1985 886 40495 2903 3035 8976 3015 27564 -1
508 2718 27564 1259 3100 -1
1715 24692 41436 23728 3015 -1
1715 3015 40905 45264 -1
360 3015 2085 1200 1259 7764 2713 28274 3015 -1
596 3107 8896 653 644 -1
1715 -1
612 24022 1985 18571 22637 14095 3015 2997 2875 3103 45264 -1
7680 644 42471 27536 1259 662 27631 31821 25348 2999 12037 33324 -1
906 596 27631 31821 31622 1838 1190 1715 469 811 732 3103 -1
2625 3068 3015 8217 8864 1259 12178 13116 -1
657 2000 3445 1024 31390 3015 42079 15742 596 -1
1715 -1
612 3015 40905 3015 12037 457 469 306 3017 14185 3015 30218 -1
3043 1259 18319 1259 37336 3015 8998 -1
596 -1
2718 13476 3015 40905 457 -1
42079 469 534 35146 941 -1
43356 8211 15605 30457 -1
28181 657 16974 1024 31390 3015 40502 534 1190 16972 941 -1
596 1282 732 9856 3015 30081 1374 2718 1257 -1
13130 3015 12037 457 -1
40502 306 3017 1985 16983 2718 1257 -1
904 -1
1551 457 34802 44670 -1
10477 40502 11070 306 3017 1985 15625 16677 8868 -1
596 18642 20481 -1
24046 596 40502 8824 31011 3015 18402 534 15605 37474 3015 3445 2827 479 40143 -1
732 870 20455 3015 42079 31390 29861 42079 1246 2133 651 8946 15605 7680 -1
42079 8221 40944 3015 15605 2430 424 22117 -1
15648 596 732 2237 2237 1374 1715 32896 1985 36906 -1
36906 596 40905 10609 16979 2718 13476 -1
34033 12084 657 35357 22077 1788 31390 -1
42079 10609 8217 3015 49251 -1
34033 23390 1985 25402 33144 1944 16970 21387 19448 644 28073 -1
22185 42079 31390 18319 23390 379 15605 8976 15293 479 457 3015 43255 8217 3015 8869 -1
38054 2500 25337 31402 3015 11398 -1
9242 2938 38062 42079 -1
3043 1259 41382 42656 29978 11852 34033 20537 7764 2999 33624 24188 -1
19971 31446 34033 14970 22637 32835 10640 27646 8999 -1
1715 40502 732 1788 32861 31424 1004 44669 16677 -1
508 2718 8869 16803 1155 32874 20594 32861 -1
15605 13116 29092 28966 19794 18624 -1
24312 28966 596 8976 457 3015 7443 33905 2999 9561 -1
3043 1259 18319 10336 -1
33886 657 2421 1788 28966 596 8994 2572 42079 1730 31582 379 8401 8868 -1
1551 457 34802 7546 22762 3015 47269 11350 2804 -1
8979 14095 -1
42079 457 33272 -1
1521 49637 2626 4055 1401 -1
42079 8525 33272 2540 6194 2804 11047 732 991 46048 3015 17505 -1
22185 732 3445 38830 1788 22637 14095 457 3015 30081 2875 1788 -1
1374 3445 1374 16974 1788 2625 3068 31622 457 3015 22075 732 1788 -1
19587 2237 1788 39610 457 3015 16978 1788 -1
30081 1944 1788 25386 14095 457 3015 2000 1788 11047 732 1528 1374 3445 1788 29955 457 3015 42750 16972 1788 2938 1259 28966 -1
9990 1788 31622 33613 15605 8976 15284 2717 2718 2302 3193 3015 9776 -1
10481 1259 14970 27631 2690 2471 2713 40905 3015 1944 2718 34761 13476 11047 39611 3015 2000 2718 13476 -1
9242 13476 657 732 3429 1259 3100 19743 9990 1788 457 12037 33324 -1
1955 732 3429 1259 3100 17826 9990 1788 457 12037 33324 -1
9990 1788 16732 38925 3015 8227 1259 662 9990 1788 31582 -1
732 1788 9990 1788 596 -1
1715 31424 1145 2955 13130 -1
34033 596 -1
1715 31424 22534 -1
596 8994 30312 27647 2837 8994 7570 30802 47041 13149 3015 15565 29762 -1
21413 42072 3015 34698 1200 -1
15605 8217 3015 18391 7570 -1
1259 18909 651 8994 3015 8594 18391 12626 -1
2572 9404 42656 732 3347 3015 15605 18391 12626 -1
2000 2718 7570 8895 3015 12629 10336 -1
24312 31446 24002 15605 18391 12626 31178 -1
3043 1259 2764 7570 18319 23526 7764 2999 26088 -1
508 2000 2718 7570 2938 2913 10369 18391 3015 19971 24488 30802 -1
35822 19971 1259 14970 21432 34703 2572 2717 31401 10944 3015 25079 2878 10789 28270 8146 3015 -1
31446 9800 27647 18391 7570 3015 31622 7764 29686 2572 26166 28319 -1
28966 -1
2572 30123 -1
18391 7570 25387 24271 7444 2572 15984 27571 3015 28316 18828 -1
34033 20306 14628 34373 3015 24172 -1
596 25929 8446 -1
12265 -1
7727 -1
33586 -1
10168 2572 17442 31000 3015 19541 29762 -1
21413 42072 3015 34698 1200 -1
15605 13116 27774 15605 28319 596 29942 21189 732 1908 19794 -1
2878 3302 1246 1551 12265 -1
7727 -1
21108 -1
24783 26003 1259 31401 3015 10640 -1
9856 14970 3015 13116 38439 2500 27774 1985 44129 3015 18624 -1
24312 31446 44917 34766 9242 18624 -1
3043 732 870 22188 1408 3082 596 379 19541 3015 13149 -1
