19980326_0700_0800_VOA_MAN
03/26/1998 7:10:02.13
03/26/1998 7:10:57.88
596 47466 3015 732 2718 24062 682 457 -1
8727 657 1190 1416 36512 -1
508 2718 24062 682 2033 -1
27958 379 23059 50354 3015 29632 11116 -1
47466 3015 732 991 24268 27924 1200 -1
596 38480 41682 28980 3015 508 2718 24062 682 457 30002 32692 -1
732 1788 24266 2572 1374 1788 11116 36512 -1
40434 1200 -1
732 870 3383 27958 3015 11116 -1
3302 9914 3383 19209 26252 -1
15648 886 2845 3397 24271 14788 27683 2572 19572 13628 -1
24271 668 2255 2628 28528 26444 -1
906 596 2500 3302 18894 -1
657 42775 16444 -1
40434 1200 -1
24062 682 457 -1
657 2421 330 41543 3383 30945 -1
10477 10752 32518 24310 14177 -1
2269 2421 2718 612 2085 657 36621 1788 29632 11116 -1
10599 47466 -1
41682 8994 12085 2345 2913 29632 11116 33676 11736 32035 -1
3318 3455 15648 19209 2480 10752 -1
