19980607_0730_0735_VOA_MAN
06/07/1998 7:32:43.78
06/07/1998 7:33:18.96
29953 27320 28298 3015 42577 35093 -1
2500 21442 18352 14730 3015 25852 -1
28298 27896 31446 2572 28451 27924 -1
1277 6987 16907 26273 15544 739 21442 18352 12852 -1
35093 11070 24495 2997 36379 -1
508 2715 16761 3396 37448 3015 7931 28421 1826 1330 1985 10845 -1
16761 3396 37448 2345 596 38481 23740 -1
42577 28451 3015 42680 1200 -1
32491 12385 732 26273 15544 -1
29222 16761 3396 37448 23740 1278 -1
29953 27320 28298 3015 43243 29618 -1
2345 18318 33852 29602 -1
