19980227_0900_1000_VOA_MAN
02/27/1998 9:03:00.96
02/27/1998 9:03:34.68
3692 1565 547 7442 16231 40819 13325 15012 -1
41571 3383 14626 3015 3383 14626 3015 22581 16507 479 732 2091 1747 1980 19012 38478 30066 732 2821 17257 1200 -1
1155 21005 12641 651 1155 3015 23873 13652 23728 15012 -1
26819 41571 8994 739 22631 21005 8994 2191 15000 1077 42655 23873 7442 -1
18500 8994 2191 1259 657 15128 15012 3015 -1
15128 1259 42655 33749 28361 7807 3015 18380 2572 1157 596 31042 -1
3025 20818 14122 508 2718 11408 9652 42655 23873 3015 24002 -1
