19980604_0730_0735_VOA_MAN
06/04/1998 7:32:58.76
06/04/1998 7:33:37.01
50852 26763 50044 28278 7570 886 9884 34333 36701 46835 2155 1159 4072 1294 9428 3015 50852 350 20641 15348 46922 9981 -1
50852 7689 1730 1678 596 2715 35401 40526 1159 2091 1747 3015 732 2817 853 457 15357 1985 508 2718 18804 -1
40889 3015 27924 8813 -1
50852 11070 24806 1985 13678 1788 50852 350 20641 -1
40889 1200 -1
15648 1259 7820 24559 37157 16907 46835 34771 33749 23728 9148 50852 350 29482 29435 11045 -1
36701 2155 1159 4072 1294 3015 13672 1788 3500 7602 3015 732 33748 -1
