19980620_0700_0710_VOA_MAN
06/20/1998 7:05:43.12
06/20/1998 7:06:33.57
24733 2690 2572 2625 10951 12037 3015 32612 24719 10092 2471 651 31453 16904 38483 13301 14798 24702 2535 24833 -1
3445 1024 12034 596 -1
1099 16904 1730 14798 14604 3153 37625 18608 -1
2718 13476 -1
2220 34703 -1
38478 12034 14798 16982 10601 -1
24733 7680 2619 1003 3596 34179 -1
12037 23542 2471 33324 732 2718 713 17442 40497 1004 8222 -1
657 732 2718 457 2378 1603 655 31401 8946 3015 44594 22581 8994 -1
23669 -1
23542 2471 657 -1
2718 31401 14970 12037 10654 37625 13476 -1
37157 16907 3015 47382 13182 -1
12034 23542 18909 651 12037 457 2378 1603 336 3015 40819 2085 8636 27646 -1
10092 38479 26003 1259 12385 732 45808 9024 24833 2535 -1
2231 2471 23728 44594 22581 7573 3015 25326 15544 -1
