19980627_0700_0710_VOA_MAN
06/27/1998 7:00:22.38
06/27/1998 7:01:42.79
21413 7680 44394 2572 8594 27646 8221 41536 596 34616 24022 16513 26155 2535 3015 22581 25607 37852 1330 34179 -1
2000 1416 596 34616 24022 3015 16513 26151 -1
34206 379 1837 457 27960 28482 24543 -1
11070 24495 855 3015 16912 -1
36178 40819 596 16513 26151 457 2231 35244 2572 24310 13894 32011 1985 18069 889 855 12620 -1
34802 3302 3455 41969 21159 30308 27614 3015 12620 -1
41536 34179 -1
508 34183 457 1837 2000 2625 11070 35443 1259 31098 -1
2878 1259 26064 -1
44394 2572 41536 2500 596 662 30871 886 1442 8594 8862 3015 25607 37852 1330 8847 3015 15427 1985 18391 -1
15605 -1
13587 3012 13894 -1
44394 7680 19971 8594 31446 732 2237 43990 596 39153 27797 34670 9148 21109 16781 18501 -1
1200 508 1259 32022 3015 12320 -1
3043 1259 41536 14134 7469 34236 -1
1200 508 1259 14115 13910 3015 34363 32035 -1
41536 34179 -1
16231 906 596 29466 3302 10705 7578 2000 2625 27960 3015 29978 -1
44394 7680 1200 -1
24435 1837 457 10316 3318 3302 1259 46598 3015 -1
1155 13502 508 451 10316 10571 3235 3082 -1
44394 7680 26819 653 644 8594 8994 7689 432 1939 2446 2690 2273 960 3285 -1
1155 906 596 573 491 596 33624 457 2847 1004 1155 24034 3015 27606 -1
