19980523_0700_0710_VOA_MAN
05/23/1998 7:03:09.90
05/23/1998 7:04:07.80
21413 732 1788 10369 29931 3015 3015 732 991 29955 7469 33721 18329 -1
29013 44394 7680 35244 34749 28421 3015 15409 3142 24260 596 34363 3015 18828 926 23526 2231 713 2231 44394 17446 657 3302 45311 3015 8805 15348 8967 -1
44394 8994 29861 9241 333 3015 22743 1259 -1
1424 15409 3142 24260 7440 2471 15693 7680 2572 24260 8895 3015 12407 27960 -1
32148 1269 7680 3015 17211 35244 16464 14205 -1
3043 1259 508 991 29955 38478 24002 24806 508 451 16053 -1
15418 44321 3981 1152 3596 491 596 11886 1424 15409 24260 32525 7440 -1
16045 44394 1259 2801 2572 732 1788 20277 657 2620 840 27960 -1
16746 653 1424 1153 596 12075 3015 18828 13284 14084 -1
44394 7680 29223 1985 9242 8805 -1
1155 596 35066 2913 25607 34179 -1
1424 15409 3142 24260 7440 -1
1259 732 451 23606 3302 444 3015 7466 -1
1155 1200 -1
9241 2471 10789 732 13436 3015 855 13894 -1
