19980623_0730_0735_VOA_MAN
06/23/1998 7:33:48.80
06/23/1998 7:34:25.14
596 41663 34434 3015 40165 25607 1609 2054 3981 1200 -1
41663 34434 32771 1985 -1
1099 3015 23840 26608 -1
906 596 8073 1004 1485 8994 3015 23873 2572 2857 8994 2191 2000 1659 8895 3015 30267 -1
1609 2054 3981 2913 40165 30868 1200 -1
1485 8994 3015 46833 23873 1330 2718 12385 19450 3455 2857 8994 2191 2751 3153 16519 34434 11050 3015 732 2718 23840 25955 -1
3043 1259 713 33574 2878 28625 -1
1609 2054 3981 1200 -1
8994 2191 23669 21442 20535 9458 508 2718 25955 -1
2878 2857 8994 2191 739 13812 886 16519 34434 14622 -1
