19980222_0700_0800_VOA_MAN
02/22/1998 7:25:01.64
02/22/1998 7:29:52.27
7546 25694 1715 2085 10341 3445 1024 855 11116 11119 21413 -1
15716 9242 1416 31298 -1
21413 18287 32874 732 2718 28482 35659 2508 3015 27646 -1
7727 22188 2231 1728 15292 508 451 35659 2508 1109 5121 -1
508 739 1259 732 889 855 3015 2903 21429 8801 744 11726 3015 23473 -1
13320 1470 21413 37234 25607 2786 1894 699 3020 3100 20364 35669 3015 34703 -1
3489 2148 20284 1259 48530 3015 37492 24878 -1
31677 1282 1715 1521 -1
1153 23728 8146 3025 1153 3015 24879 2033 32518 3015 34265 -1
10900 1153 3015 11993 29834 1985 21413 17442 491 596 28957 3015 8446 24720 -1
1153 38179 21413 3015 7727 17221 739 596 30002 34265 -1
10907 1153 30011 1985 732 2718 35659 2508 12928 -1
13502 1728 30030 9242 34265 -1
26263 1551 457 3015 732 870 13894 -1
3489 2148 24878 1200 -1
44802 657 30221 40008 -1
37768 657 30221 44858 15937 -1
31576 653 657 30221 29236 15937 -1
1004 1985 26263 9242 13894 -1
13877 23728 8673 21413 855 3015 7727 29524 1063 -1
13877 744 978 3015 13894 33878 34802 20757 1416 11116 23088 21413 -1
30133 34802 23088 21413 2535 -1
15648 3015 32398 30002 1985 20783 34265 -1
22651 44858 596 21413 17442 30002 1985 16875 34265 -1
13877 7548 744 978 3015 13894 1259 -1
15716 13877 23728 22655 508 451 7727 35659 2508 18720 25164 732 2718 2710 657 26080 3015 35659 2508 17442 -1
21413 17442 1259 9572 34265 3015 -1
21413 17442 3015 35659 2508 2913 25164 732 2718 28226 3015 17442 30002 1985 16875 7443 -1
35659 2508 12928 8673 3015 2903 21429 -1
2231 1259 3068 18230 472 2933 43304 3015 10879 20537 29834 7727 35659 2508 18720 -1
508 2718 -1
1259 35659 2508 12928 1004 11980 14642 2572 2718 1416 17430 3015 732 451 24869 28448 -1
1154 3015 21006 1259 -1
28226 3015 25958 0 21413 3015 16761 7727 -1
3489 2148 24878 1200 -1
13877 668 508 451 12335 23526 3455 21413 40431 -1
41710 -1
38093 2572 1551 1745 2312 3015 17211 2938 34802 24498 -1
13877 16602 1985 15648 3015 10879 -1
3100 21413 27016 7727 10879 -1
39127 443 -1
47309 -1
44858 15937 3015 19519 2729 -1
3025 40431 19519 3015 26770 2572 38093 3015 35234 1407 10879 2938 34802 596 1730 -1
3489 2148 24878 1200 -1
13877 2500 33673 1985 11993 596 18598 28544 23615 1278 20228 3015 31792 9304 -1
48530 24878 3489 2148 34179 -1
2266 2655 43243 21413 1416 38179 28534 33828 3015 13966 18287 9564 -1
3043 1259 12111 1416 3318 21442 38179 508 451 13149 2913 7727 33828 29762 3015 10640 -1
1155 1200 -1
657 12111 1416 35654 2471 28826 33828 32838 3015 10486 2572 31581 -1
10900 15648 2913 9242 7727 32398 3302 1143 1985 2291 -1
22185 732 870 1416 -1
887 21413 28544 12111 33613 2118 7727 38925 3015 18384 11047 732 870 1131 2410 20896 28226 32398 3015 31036 24888 -1
38093 -1
44303 2572 40431 -1
15648 18329 508 1259 732 2718 35823 3015 11982 25915 -1
23526 30041 21413 21109 457 341 25960 3015 12408 -1
7727 7764 -1
508 530 21030 28226 25958 3015 2699 2718 1416 30883 16792 3015 2903 21429 -1
24717 1985 13921 -1
16649 847 887 2572 17239 2085 21161 21413 7727 3015 42772 18720 -1
1424 2717 2718 7727 14642 3015 31622 37522 24674 15648 3015 7727 12397 -1
22651 596 48963 -1
953 3460 3981 1484 25164 1985 44858 24888 3015 3460 2722 1036 2999 1200 -1
3037 1722 21200 732 2718 30830 33858 1259 668 20513 -1
668 4037 2500 1259 668 20832 2980 3196 3015 -1
1722 35645 33324 23522 -1
19518 17327 23088 1722 17400 -1
1760 1693 1305 1537 2033 1277 1745 1470 905 3153 1722 3015 505 1308 -1
1424 973 3144 1785 1722 3015 2318 -1
18499 1760 1308 2231 2471 12858 -1
2231 2471 34273 9207 3015 17327 -1
9207 3015 1760 1693 1305 1537 2033 1277 1745 -1
3489 2148 24878 13023 21413 7727 17221 3015 18287 42772 2913 21413 3015 17221 33324 1985 10640 -1
7727 34501 739 16464 10640 -1
1153 1200 596 40661 31011 657 1374 3445 2903 2718 29236 7570 2572 15937 -1
15648 1259 662 23059 11787 33828 31011 3015 1416 25164 3015 -1
34802 15605 -1
13003 -1
8594 -1
18316 -1
33108 -1
15596 -1
21206 -1
9879 -1
22909 2572 41571 -1
2500 657 855 3015 20259 1265 3015 331 83 29759 -1
48797 3015 32398 -1
33886 40661 657 732 2718 662 2572 1329 -1
20509 11047 29236 40819 7574 3015 1357 2397 14642 -1
508 1259 50276 2997 732 2718 1728 31622 15653 29236 20185 3015 7570 -1
23059 11787 28541 3015 42520 1829 16627 24674 30272 417 596 1077 732 1091 2303 3015 22437 -1
29236 32398 1435 14353 33828 3015 42520 2085 1200 -1
29236 30272 15648 31303 10988 379 16875 -1
508 530 855 3015 35986 28226 25958 3015 2903 21429 2913 21413 20818 3082 596 3015 16972 451 7727 24488 1985 11726 -1
3489 2148 24878 1200 -1
508 1259 732 2718 1408 596 33905 28945 3015 11982 28448 -1
1154 1728 10801 18396 15516 491 596 34265 21413 7727 29524 3015 18828 -1
