19980325_0900_1000_VOA_MAN
03/25/1998 9:51:03.64
03/25/1998 9:53:43.68
368 18642 39583 3015 732 3103 8401 26147 8896 -1
9879 20460 3015 42234 44449 -1
15891 11070 29666 1985 17366 16678 24310 28952 3015 33759 -1
9879 596 15349 24583 13434 3015 12646 -1
11047 28524 29122 29762 333 3017 2500 33893 -1
13320 1259 21413 37234 25607 13716 3015 34703 -1
15716 3462 2718 612 11041 11787 24583 29335 3015 32518 -1
9879 32931 16678 24310 3015 33759 739 23728 29666 1985 -1
7820 18642 39583 615 2690 8525 38925 9283 27957 24310 28421 3015 26147 11048 -1
16678 24310 3015 33759 28482 1867 1985 -1
29449 18384 8813 -1
9242 22934 3015 28242 1416 31399 9103 1200 -1
22276 3015 45106 27646 32518 3015 24583 29335 1259 2913 9879 3015 732 2718 24267 -1
9879 10702 28482 24523 12711 2999 886 14461 7878 23771 16678 -1
16761 10817 2572 27647 25995 25944 7570 33227 11045 732 476 30258 9879 28524 29122 -1
13345 24310 23927 1444 -1
18895 27937 7463 -1
11047 30280 23771 24583 16678 -1
18500 15716 11787 24583 29335 3015 32518 -1
22116 9879 3015 8853 14461 14787 11070 3068 1004 25245 -1
732 2237 41320 -1
9879 469 13528 1985 1190 16970 21387 3015 14394 -1
3367 732 2237 41323 13332 1985 3445 2827 479 13674 -1
732 870 14461 14787 1333 596 644 9879 8994 3015 9088 457 13109 23145 -1
27647 25995 25944 7570 2913 9879 3015 31602 739 11070 9670 -1
47953 -1
9879 24310 10092 24559 2345 657 3445 2827 479 1944 3015 9567 -1
3043 1259 -1
29449 18384 8813 -1
2913 508 2718 10609 8385 18402 -1
2878 3445 2827 479 35146 3015 18402 17221 596 2397 3083 3015 27646 2085 1200 -1
9241 3015 37897 2500 33784 713 15349 18396 3015 13616 17221 16145 -1
2231 596 508 2718 612 -1
21413 21215 1985 2913 9879 3015 732 889 21478 13095 -1
37191 13095 1259 9199 20757 7581 1551 27631 11119 27441 3015 42234 27646 3015 -1
1376 5609 3596 3981 1259 21478 28039 -1
2408 31622 9879 8994 653 31622 21413 596 9879 3015 14787 1333 -1
1155 10092 16231 3015 21478 596 30381 1730 3302 2471 657 16875 9567 -1
1155 1200 27976 1259 744 32011 732 889 16234 21478 12628 -1
20818 16231 491 596 14134 25326 2999 12623 -1
2878 732 3045 16231 32011 1985 16234 12628 -1
2231 2345 1004 9879 17699 12933 37429 21478 31592 15348 15128 -1
20755 3015 2507 -1
16231 3015 21478 2231 2471 20004 29978 -1
1376 5609 3596 3981 9545 332 2620 21413 3015 21478 15544 31622 -1
1155 10092 21413 2572 9879 596 24559 8892 33852 32011 21478 12628 -1
33886 1155 32946 21413 21215 41458 -1
1882 20508 38439 2913 9879 3015 13095 1259 732 889 25878 3015 24032 -1
508 2718 24032 25467 1985 615 2690 44449 28952 1659 3015 16848 -1
11787 3015 24583 14177 16803 9879 3015 32564 8284 25245 -1
10900 2572 8376 27646 13077 -1
9879 25995 34295 3015 32838 744 1477 732 870 -1
10907 -1
9879 33328 3015 44357 739 10340 13332 -1
