19980223_0700_0800_VOA_MAN
02/23/1998 7:04:00.65
02/23/1998 7:05:32.02
21413 596 31206 40889 644 38208 32011 10369 12620 3015 13416 8891 -1
2913 12620 3302 2396 19718 -1
3043 1259 10736 3455 37191 12620 32952 1259 22181 28146 3015 -1
10736 14452 31886 36108 1200 -1
18176 21442 23840 1012 4122 3015 34834 -1
2645 2160 14452 3015 20306 1259 44114 32011 37191 12620 3015 -1
36108 18329 10477 27647 17442 23916 2715 38208 40819 46608 -1
15653 3293 32011 1985 37191 12620 -1
36108 1200 -1
38208 40819 39857 27536 732 2718 612 -1
35523 11845 -1
332 1985 2559 3068 18485 -1
21413 2625 2572 3902 50856 3015 42680 38479 1200 -1
50856 596 38208 1259 2801 7517 40889 10369 23914 3015 13894 1330 744 2171 12320 -1
2878 3302 1259 23361 1330 1200 3015 2507 -1
42763 7680 38280 12385 732 1200 -1
1155 18519 38208 3015 14177 11070 27536 -1
1155 1200 42763 3015 14452 26088 596 2572 1583 24685 508 2718 13894 1330 30041 1985 2559 3068 7443 -1
29953 2913 37191 12620 34179 26463 -1
34033 8813 -1
1259 29953 16508 15357 1424 40889 40526 35251 19233 43965 3015 -1
38193 34179 -1
1155 18329 668 14452 16565 24685 14177 -1
3367 16792 13706 2710 2587 -1
18316 1200 -1
1155 13502 38208 18587 24806 40889 3015 25312 -1
49959 1200 -1
18352 12620 34364 29196 40889 33720 23914 -1
9800 40889 596 3302 1246 7588 3015 18828 926 -1
24488 13703 25312 -1
