19980326_0700_0800_VOA_MAN
03/26/1998 7:13:33.55
03/26/1998 7:14:50.24
42763 -1
29953 2572 31245 1374 2625 40819 596 40459 24959 732 2718 26645 2797 1238 3015 30408 17107 24022 1374 3347 16513 26155 -1
42763 7680 38280 18319 34770 1155 732 2646 22181 20937 3015 7463 -1
13320 36431 21413 37234 25607 2616 699 3748 2879 3100 40459 35669 3015 34701 -1
662 20254 1099 35424 -1
12656 21586 3043 1259 13183 38071 23146 3015 38280 7680 23728 1985 16513 26155 -1
1155 596 25607 1004 1374 991 40819 20228 9304 3015 16907 34179 23526 24806 25607 15329 -1
1155 1200 -1
1374 2625 40819 7931 2231 27647 8976 -1
20253 35244 2572 1374 2625 2378 3015 1374 2387 21685 27960 24488 17354 15427 -1
1155 15545 3025 32340 40459 35132 34006 8334 3015 25634 -1
10087 -1
26155 2345 17449 2155 1159 4072 2572 38208 3012 16761 36462 -1
29953 2572 42763 29861 21413 596 508 2000 29762 3015 8999 -1
596 31677 1555 2718 12739 3015 16513 26155 19612 -1
29953 7680 44759 2572 31245 7689 23575 739 15035 1985 38280 7680 10369 1155 7546 24675 9079 20594 3015 9999 3015 16045 -1
3318 23728 18331 31612 7689 2446 2033 4171 2155 -1
