19980404_0700_0800_VOA_MAN
04/04/1998 7:44:49.43
04/04/1998 7:48:27.78
28536 15025 -1
22788 24702 11048 21413 2913 23873 3015 12134 25245 1985 -1
21413 42092 3148 1985 33722 33749 11037 -1
17986 596 28544 3015 23840 25955 739 2699 27517 1463 -1
27536 21413 15742 27981 1985 33839 25955 -1
2150 1259 48604 3735 2879 13502 -1
597 27981 2421 2718 25955 -1
668 24750 13328 3015 24313 28193 13253 3015 13703 -1
9561 33749 3015 37869 -1
906 596 1470 21413 37234 25607 1126 4308 764 2085 24628 732 926 10369 3015 18828 -1
596 21413 -1
36708 27981 23840 25955 -1
1200 19486 18222 333 19486 2559 1738 -1
508 1259 10900 23059 28544 3015 2625 26147 624 21446 9914 27981 7807 3015 12030 1730 3015 23840 25955 -1
739 1259 10900 23840 25955 732 3436 2938 1004 31453 15348 1985 24072 2572 333 17179 3015 25915 -1
10907 33890 42092 23926 27981 20791 23840 25955 -1
732 2958 2471 657 2625 26147 624 32554 7578 -1
11408 8994 27981 19572 31036 3015 23840 25955 -1
3100 732 2237 43990 11045 -1
21413 23873 11070 33722 1985 3445 2827 479 15907 -1
9242 1715 2085 15742 11070 16836 1985 1190 1898 27981 23840 25955 3015 12320 -1
2150 1259 13144 3015 23840 25955 18318 2699 27517 1463 -1
3367 1157 12133 3015 2903 3445 2827 479 30081 1374 -1
10907 48604 3735 2879 38480 9714 18804 2625 2471 -1
7924 1155 27981 2710 2903 3015 25955 -1
34802 596 28280 2875 -1
732 1715 2572 2875 -1
961 1715 9714 33676 2000 1898 27981 25955 3015 12320 -1
2148 2879 596 31582 48604 11041 9545 1259 21204 443 12044 3015 43557 -1
20767 2148 2879 657 21442 16045 27981 9242 25955 3015 27282 1732 -1
657 3015 -1
1155 1200 18176 2625 2471 7924 1155 35212 25634 27981 25955 3015 2507 -1
42092 36246 23526 24750 2000 3445 709 21387 -1
1155 13502 668 508 3367 24313 2715 23440 28193 1190 3445 13674 2387 13253 37870 -1
2715 27466 28193 2000 3990 48501 2572 16983 3990 19572 23857 -1
2715 21929 28193 1944 3445 13674 2387 9446 37752 2572 3462 3445 1832 13253 3015 31766 -1
22185 41808 2715 44460 28193 732 1528 3990 13253 3015 22436 9448 2572 2000 3445 13674 2387 2016 27087 533 29618 -1
20767 2625 2471 25374 3302 19967 42092 33033 25955 -1
20767 42092 50282 -1
2148 2879 1200 973 23526 3302 1448 14108 20757 40558 3015 25955 -1
1412 662 15643 1715 2238 17033 -1
1955 732 2718 29771 -1
1259 3455 3298 2821 25955 34769 19486 -1
15000 16792 -1
2150 1259 1155 1200 508 2000 2718 29771 973 2938 2559 3302 9914 16792 -1
10900 20755 2471 10640 3025 8132 3015 16774 -1
30133 25955 28980 3015 32931 739 2471 16464 33863 10640 -1
1004 1985 16052 2625 26147 624 -1
3735 2879 33750 2500 15418 1470 1985 50597 443 4165 2033 1345 3017 2033 4165 1257 16677 1897 3022 2800 1448 33624 508 3103 12498 44214 -1
1897 3022 2800 886 25607 1200 -1
1521 2421 1715 -1
3037 8994 23926 27981 13877 28980 3015 38136 47732 1278 -1
13877 28826 29636 17038 2572 24019 -1
2150 1259 596 18396 732 4332 28826 24019 3015 14893 -1
13877 24053 37176 1985 2710 2587 3015 13502 -1
13877 3455 38136 47732 28932 3196 732 2718 28430 1459 -1
32331 1985 732 1528 961 3445 2718 24072 25915 -1
1269 13877 3015 32931 28482 29890 -1
23840 25130 739 2559 8946 3735 2879 33750 3015 25150 -1
21413 43559 22566 26147 8221 37957 27466 1330 2345 1200 -1
18176 13877 3302 33033 23840 25955 -1
33749 3015 37869 2345 16464 15693 -1
2587 -1
38535 1126 4308 764 -1
