19980616_0700_0710_VOA_MAN
06/16/1998 7:01:53.93
06/16/1998 7:02:26.95
27414 341 28994 3015 17694 488 37269 31085 35398 -1
1155 1004 1155 25505 9651 25857 3015 18396 36657 1985 961 3445 1068 1693 -1
7448 2715 15648 3015 22705 -1
488 37269 1259 13160 25765 3015 44153 -1
1155 1259 596 43895 15002 3083 9884 34333 -1
24495 35398 3015 -1
488 37269 508 3103 1448 35398 -1
31225 1985 27352 2428 19765 31446 3015 14881 -1
10092 1155 2345 596 35398 15008 35916 -1
36874 -1
1167 3015 488 37269 -1
1259 596 33108 9413 8891 -1
22771 35398 22946 3015 -1
