19980316_0700_0800_VOA_MAN
03/16/1998 7:57:53.27
03/16/1998 8:00:07.51
21413 37234 2231 29817 27791 3015 13894 15348 28534 33828 3015 27916 -1
13320 36431 732 1604 29834 21413 8994 8999 3015 17440 -1
50046 3015 23131 3015 24488 491 596 24488 479 457 -1
38449 -1
24733 2690 2572 2625 2572 34002 11070 31225 11486 -1
18176 50046 32861 3302 29861 3015 2507 -1
508 1374 2718 27646 2231 2345 596 732 2237 2237 2237 1715 25464 50046 -1
21413 43556 7931 596 24560 2421 2718 12385 1730 2231 9561 35401 855 32861 3015 13894 24488 34189 -1
9242 27646 25464 35401 -1
2345 1269 21413 28482 35244 -1
1269 20253 28482 13910 -1
1269 43158 22455 3015 27960 28482 22983 -1
25131 19571 21109 27646 25464 50046 3015 31778 1259 3357 2180 3015 -1
33886 -1
9242 27646 34364 744 657 20535 32818 28226 29698 3015 8420 -1
50046 34364 744 13023 9242 27646 25464 35401 2345 44870 20253 35244 3015 25159 -1
21413 48604 36094 1200 -1
13877 3015 35244 2713 20253 3015 2572 1583 644 35244 1814 33870 2827 -1
50046 2345 886 855 32861 37345 14884 3015 35244 34742 -1
1424 15648 12931 19571 32861 3100 732 2237 1190 2237 1715 11045 732 476 890 1620 3015 35244 34742 -1
9242 34742 457 341 8401 3015 732 1091 1259 2913 50046 732 2718 32861 3015 28417 2345 3383 16644 1259 2913 35401 18571 32861 3015 28417 -1
855 32861 2345 744 32818 34516 3015 29698 18345 -1
739 744 1004 35401 3015 9070 29698 28244 22597 -1
34002 -1
24733 2690 2572 2625 2572 38449 1004 10661 508 732 15136 37350 1985 7931 -1
508 2421 2718 27646 2345 2715 35401 33749 15348 25134 1374 16973 2616 1918 2136 33749 -1
34002 -1
24733 2690 2572 2625 2572 4271 789 2024 44917 7949 21109 22747 -1
16836 7764 16678 24310 -1
7521 18391 2572 1971 10320 27960 -1
15648 491 596 26273 15648 596 20253 7764 27646 43214 457 3015 656 14025 -1
