19980430_0900_0905_VOA_MAN
04/30/1998 9:03:12.59
04/30/1998 9:03:51.52
47262 34677 1200 -1
47262 2191 8994 16684 1985 -1
2903 1788 29806 -1
1551 457 34802 732 870 3383 20159 33227 25379 3015 8202 25607 -1
27946 3015 855 47262 1416 3401 34701 1200 -1
2191 8994 40819 3500 3460 3255 13325 16684 9242 1416 1259 1004 1985 30330 1155 18642 -1
612 7469 3015 732 2718 32812 -1
31432 1155 31991 16684 20757 2913 35244 3302 28202 14205 3015 29806 -1
732 1099 8891 21413 2572 19572 27646 8994 2428 47262 18391 7570 732 1542 19194 47262 20159 -1
1416 15943 -1
15648 3383 8805 33473 9000 -1
