19980327_0900_1000_VOA_MAN
03/27/1998 9:37:35.74
03/27/1998 9:39:05.50
27647 18391 7570 31749 27647 30272 47466 19209 50354 29632 11116 3015 7466 15357 1985 11098 -1
10900 24271 596 11736 8697 29632 11116 2572 12320 457 -1
31930 1985 3462 2718 10752 1416 -1
13320 1259 21413 37234 25607 39009 3100 21569 35669 3015 34703 -1
7709 17429 596 21818 3015 27647 18391 7570 31749 27647 2231 47466 24271 31930 50354 29632 11116 3015 13894 -1
26763 24488 18587 30802 -1
3318 15357 10702 9800 30457 25386 624 24495 24062 8535 -1
47466 27946 1200 -1
38480 24271 596 732 2718 29632 11116 24062 8535 1009 2932 -1
3383 24062 3015 18366 1259 -1
657 3462 2718 10752 1416 2572 732 1788 24271 3383 31930 -1
508 2718 18391 7570 3015 17257 1200 -1
47466 10702 15000 43226 19209 12320 -1
8857 10752 4165 1459 1294 11886 34380 3015 27123 20641 3015 18624 31225 34742 -1
31749 27647 8813 -1
657 45096 50354 4165 1548 1294 11408 29482 3015 38085 -1
732 476 596 2572 23873 7442 -1
20768 33905 32518 19673 18391 3015 7971 -1
24458 -1
31792 3015 50354 1416 1004 15452 24310 14177 14825 1882 1944 2393 27437 -1
23088 47466 11884 28421 -1
47466 3015 24310 12334 1171 35441 50354 20767 11738 -1
3043 1259 -1
739 21192 379 24310 29666 3015 13894 -1
