19980327_0900_1000_VOA_MAN
03/27/1998 9:21:27.32
03/27/1998 9:25:33.63
22185 732 991 414 15625 15386 25607 2855 35598 35669 34698 1200 -1
9058 27437 22455 8976 25139 8284 2499 2572 3015 16907 -1
15605 17694 34179 -1
13502 15605 31446 20537 24434 30767 50128 3015 8999 -1
34197 28488 3015 17744 -1
33886 15605 8240 31787 16732 3015 27924 18329 -1
20818 2500 3302 1259 30767 8999 3015 16907 -1
13320 36431 21413 37234 25607 2855 35598 35669 3015 34703 -1
8594 42072 7689 432 36482 17598 8896 -1
2231 22455 27960 30066 3015 15546 -1
15605 28539 2717 657 33828 3015 2291 2933 -1
432 36482 1200 -1
22455 27960 732 2958 2471 28940 -1
15607 18329 13069 23977 25159 840 -1
34033 19614 14884 23977 12216 33702 34590 3015 432 36482 -1
2572 15605 4122 490 617 617 884 1024 3233 20537 34975 8976 5063 2359 -1
1004 22455 2349 2683 3153 24303 2690 1404 -1
28230 29978 3015 855 24041 -1
14893 43243 3015 15607 18329 -1
22455 27960 11070 8284 24690 -1
15605 31446 10705 30767 2913 31787 24303 3015 50128 8999 -1
11044 17957 2710 2903 3015 1333 2445 -1
12111 42287 2288 14642 -1
34033 4281 1709 15363 2016 3971 -1
11408 15605 31446 8407 25306 37191 8999 -1
21200 15607 15357 3015 11408 -1
24310 33750 1022 466 2746 34179 -1
50128 8999 1259 2801 10702 30767 2452 41389 29662 -1
18657 651 22455 27960 11047 457 2690 31446 3015 17744 15565 -1
1155 18329 432 36482 3293 17579 -1
22455 14059 2471 18175 29978 2500 10376 41389 3015 27917 -1
3318 34179 25131 3302 20219 22455 657 23542 24495 22461 24187 -1
17275 28240 2690 1404 11047 27087 3015 23542 -1
33886 20818 1274 596 21442 22743 332 30767 -1
2878 3233 1715 11726 457 2690 31446 2913 1145 8999 3015 42079 1918 28451 8227 530 1401 2705 739 34197 1985 22833 3015 23676 -1
1155 8813 -1
24303 1259 15605 341 10355 3015 32635 -1
20818 22455 469 1259 3100 34112 8284 24690 -1
18176 22631 29662 50128 -1
29860 2471 1269 15605 17957 2710 2903 3015 22656 -1
530 1401 2705 1200 -1
508 2718 1261 19348 3025 50128 8999 744 18175 2999 28957 -1
26003 1259 9242 15607 9241 732 451 11408 -1
973 23931 39530 23542 35822 1416 3318 21442 1985 2291 50128 34501 3015 707 2609 -1
1154 1157 27774 3015 -1
1154 1157 13095 3015 1259 732 870 15414 9242 14787 12928 -1
3318 3302 1259 508 2718 24467 15605 21110 3025 31787 1448 14787 -1
20767 508 451 8999 3015 12337 1259 10900 22455 3015 8976 21503 2559 1307 -1
20767 25131 22455 744 15544 17275 744 24488 8976 15544 3015 16907 -1
15605 34501 12133 657 2710 2903 3015 32635 -1
10907 33889 13877 3015 23840 3015 22597 34501 448 492 -1
13877 3015 13608 14452 -1
23059 651 13877 2913 31787 24303 732 870 27773 3015 32035 -1
2938 1259 13502 9561 15605 34501 3015 16848 3015 -1
10907 -1
973 23931 -1
25419 13877 20537 17362 1985 2291 508 732 2718 8999 3015 10530 3015 16907 -1
23542 43255 3015 21110 3015 12951 2713 33748 15607 3015 12951 1259 657 1459 2720 3015 -1
739 2231 1259 1200 -1
17442 31664 10702 34445 20537 8946 8994 9241 732 2718 8999 -1
3293 20537 34742 15605 34501 3015 22656 -1
22185 -1
530 1401 2705 34179 457 2690 42072 7689 432 36482 -1
34043 2913 1145 28421 12685 3015 32861 -1
1155 18329 -1
14059 10702 27917 457 2690 42472 2034 177 1478 3015 30551 -1
3293 20537 18526 22455 24303 27960 3015 7638 -1
39530 31787 3015 42072 7689 22681 2938 3302 1259 8525 2913 1145 12685 3015 32861 -1
15654 -1
432 36482 3318 3302 2471 10900 1155 3015 17579 2878 2913 457 2690 2913 1145 8999 657 25960 3015 28957 -1
457 2690 20818 37324 12623 3015 31264 1259 10900 16972 3068 8896 -1
1155 26970 22455 3015 12335 2713 15605 20599 8976 17191 3015 24504 -1
34364 744 22455 8407 12623 3015 -1
3318 3302 1259 10900 432 36482 2718 1416 3015 -1
27140 -1
31436 432 36482 1155 7448 42072 7689 -1
31059 657 732 2718 42072 15605 16732 43867 -1
2150 1259 13877 744 8918 508 2718 15627 39530 1259 3035 3015 25917 -1
469 1259 28001 596 42072 30130 -1
33886 10900 432 36482 1852 27960 2471 657 732 870 34177 -1
31436 739 1259 732 451 8976 840 3015 34177 -1
33886 15327 31817 8146 732 926 -1
39530 9207 8240 22455 24303 3015 1259 3233 4083 42472 2034 177 1478 -1
11039 1259 21413 37234 15386 25607 2855 35598 3100 15625 1157 2872 3015 34703 -1
