19980304_0700_0800_VOA_MAN
03/04/1998 7:07:44.00
03/04/1998 7:08:32.01
21413 2625 2471 14452 27960 38925 19967 1985 24815 34002 -1
38449 2572 24733 25464 50044 28278 7570 -1
713 23131 2764 7570 3015 25634 -1
14452 27960 38925 8221 50115 3199 37191 713 16978 1596 2913 2000 1596 14970 3015 23926 1259 2913 30621 21109 27646 1069 1985 21064 3015 12407 1596 -1
50115 10100 9079 43556 457 -1
47838 10944 2471 14798 3284 3196 35401 3015 508 2718 23131 25634 -1
44394 7680 2913 14452 27960 38925 3015 23926 34179 26463 -1
34033 1200 24815 508 1374 2718 27646 25464 35401 2471 1269 2764 7570 2710 25467 3068 -1
1269 1673 443 28482 13910 -1
739 1269 21413 28482 35244 -1
10092 43556 2345 596 34483 36770 16907 23728 15427 35401 3015 23131 13894 -1
