19980628_0700_0710_VOA_MAN
06/28/1998 7:06:47.40
06/28/1998 7:08:04.83
40889 40526 35251 24267 1200 -1
2231 596 732 870 27646 3015 18391 7971 10340 28940 3015 14893 -1
1955 732 870 27646 14168 18391 3015 13149 1435 18287 11727 -1
35251 1259 38483 596 44007 1003 739 1747 1004 25585 40889 18391 12072 13674 8362 2878 24022 3015 22432 26147 1330 30066 11039 25079 3015 -1
34802 40272 2572 1583 2339 41718 596 1730 3015 732 870 45278 9660 1985 20709 2428 49850 3012 2625 596 18391 13894 1330 18663 3015 24485 -1
3043 1259 2913 50354 2572 47292 2155 1159 4072 1294 3012 31011 32771 32518 18391 13894 34179 31580 -1
15742 35251 21442 36708 18352 27646 -1
3043 1259 1155 1200 -1
27372 25960 18391 3015 30524 2500 9919 21442 24702 -1
10900 8446 43161 3015 18828 29859 32518 -1
46741 16464 19673 -1
18396 18318 3383 24488 11834 3015 8994 31591 -1
16761 18391 12072 1259 40889 596 732 2237 1190 3462 1715 14970 3015 -1
1154 1259 2913 20751 31245 3015 8449 34664 7469 3015 29834 -1
508 2718 25292 3015 12072 12085 3015 44485 596 8976 17442 2428 24310 29762 10609 3015 25960 18623 -1
