19980221_0700_0800_VOA_MAN
02/21/1998 7:01:59.77
02/21/1998 7:03:03.86
40889 40526 35251 23728 2572 38208 27924 24022 9024 26155 -1
13502 20537 34352 713 21413 14124 3015 27646 596 40889 13703 25312 13894 1330 30272 38208 33676 23840 12320 -1
38483 9620 35251 23728 2572 38208 42472 3500 1551 376 596 43965 38988 24022 26155 -1
508 3103 26155 3015 12955 18828 2500 21442 28361 -1
10092 40889 40526 35251 2500 2345 2572 38208 7680 39857 24022 26155 -1
3043 1259 15648 3015 26155 2500 10376 12085 -1
35251 1200 -1
1155 13502 596 22771 38208 3015 16907 -1
20537 31225 732 2718 2717 2847 2938 21579 3015 732 2078 369 14452 24685 34855 -1
38208 34179 -1
13502 31225 732 2718 34445 19782 3015 24685 14177 3015 29771 -1
38208 24002 1424 40889 13703 25312 18366 24495 15655 7680 844 4269 3015 31036 -1
40889 13703 25312 18366 26492 9242 31036 23542 3274 657 14166 13703 -1
21413 11579 -1
744 2913 38208 33676 23840 12320 -1
713 19670 38208 7517 40889 23914 -1
