19980311_0700_0800_VOA_MAN
03/11/1998 7:10:40.49
03/11/1998 7:11:25.14
21413 3015 732 991 11185 8107 34179 -1
21413 596 18175 32451 17188 13703 3015 28417 29762 2500 21442 3172 2821 3015 7931 -1
17188 13703 28417 3015 39783 23542 2713 37974 732 754 23964 -1
596 21413 45767 1257 9283 3015 10369 12493 43358 27647 26147 1330 -1
21413 11185 8107 3655 3020 1358 7469 1985 17586 34179 -1
1155 1200 -1
21413 11191 10702 24806 11858 2913 16792 17188 13703 24488 47723 3015 26088 657 28727 3015 24263 -1
21413 34762 33744 3015 27924 739 10705 8693 25634 -1
713 32451 17188 13703 9608 3015 9733 -1
22185 739 10705 32480 29696 25731 3015 11002 -1
