19980223_0700_0800_VOA_MAN
02/23/1998 7:03:17.29
02/23/1998 7:04:00.65
40889 40526 35251 1200 -1
1155 2572 38208 19303 3015 12620 -1
2345 26429 38208 13703 25312 14177 -1
24692 31438 2913 38208 24488 23840 13482 3015 1012 4122 -1
35251 596 43965 3015 12498 44214 1330 1200 -1
37191 12620 1259 19782 3015 -1
29196 40889 15653 23914 3015 24337 2572 10986 -1
38208 42472 3500 1547 378 3455 37191 14730 1200 3196 1259 14452 1330 3015 17105 -1
2345 44870 38208 32009 24692 40889 21478 8697 3015 20826 -1
40889 40526 35251 1200 -1
38486 1155 596 20364 886 44022 18587 14985 10369 18828 8896 -1
1155 13023 37191 38546 31225 44022 15653 43444 3015 8946 -1
