19980602_0700_0710_VOA_MAN
06/02/1998 7:05:30.88
06/02/1998 7:06:23.60
732 889 855 3015 47382 13182 -1
43243 3692 3877 1376 1416 2913 596 25722 24022 3015 12037 457 31303 1069 20791 31401 3015 1596 2500 2223 1550 33909 -1
37191 47382 1259 29953 3015 3692 3877 1376 14849 -1
47382 2572 11726 25917 28361 3015 -1
596 24806 30802 3015 2269 22435 1788 3692 3877 1376 1416 3037 457 -1
657 3445 2827 479 40765 3015 1416 1200 -1
15648 2500 21442 23926 31303 1069 1207 3015 1596 -1
657 596 2827 479 16978 3015 1416 1200 -1
15648 7931 14798 8946 26920 3015 39917 -1
18045 2079 947 3015 42656 36277 2997 2875 -1
657 3445 2827 479 16972 3015 1416 8946 2764 3035 -1
3383 2831 6999 3015 3692 3877 1376 22581 16507 44410 19012 3015 43844 50092 3035 3017 8946 1906 33913 3445 2827 479 1944 -1
34445 3068 3015 33366 36277 2997 1374 -1
3692 3877 1376 3015 10951 12037 25634 596 19584 30081 22081 24022 -1
