19980319_0900_1000_VOA_MAN
03/19/1998 9:41:59.49
03/19/1998 9:46:03.91
15605 3015 40905 33105 36151 596 38478 17572 32612 14881 -1
11167 40905 7570 2866 3015 27774 -1
596 38478 32896 27663 28459 11047 33685 8119 12685 -1
12298 2973 9878 -1
30802 2015 1081 28459 3356 3478 -1
26389 9434 -1
2572 2091 2866 742 23857 10607 3478 3012 732 2015 3134 3015 2191 457 3356 3478 -1
508 1259 -1
1715 15605 40905 12178 7570 2866 -1
569 1980 2973 610 1444 11045 -1
2997 732 3103 32896 8119 12685 12298 2973 9878 -1
40502 3015 31397 9285 1416 530 2188 834 2231 1200 -1
22637 14095 18176 21442 34855 -1
12298 2973 610 1444 11047 31467 1444 3015 2507 -1
2231 885 1259 2685 3383 26056 -1
10907 40905 9199 27663 28459 3356 3478 7574 1985 8119 12685 -1
30802 13058 3015 3356 3478 -1
1155 1200 -1
508 2471 13877 596 740 3015 31397 -1
2231 1259 11177 40905 16520 29942 -1
30066 2997 1374 889 3015 27774 -1
13877 9199 27663 28459 -1
2428 33685 3015 34373 -1
22541 30316 27638 -1
30316 28296 3015 31821 -1
30316 17442 -1
18395 -1
2231 40567 24998 -1
40905 1533 2036 1154 13116 1330 3015 8864 -1
13877 11408 17429 8119 12685 -1
34033 2973 610 10369 3015 8963 -1
2878 36906 31397 9285 1416 2589 1943 3324 739 34179 -1
15605 36246 1555 3445 709 627 38514 3015 2191 1589 33685 10081 -1
534 1985 27663 37466 3015 1190 2827 479 732 1507 -1
10907 36906 11408 -1
32896 42091 1589 33685 3015 25385 12685 -1
662 48604 1906 13058 3015 32861 3025 40905 24488 34698 -1
29222 2345 3302 20219 18352 23621 3015 16565 -1
1551 457 34802 3396 2723 27663 10081 -1
2878 8099 30802 33902 18822 3015 15605 41587 -1
27663 38925 596 38478 17572 716 662 41587 3015 42476 488 1206 479 31582 9285 1416 -1
9285 -1
3025 -1
991 3015 25386 14095 -1
7574 8119 12685 -1
33024 25306 15605 23840 33685 3015 8691 -1
488 1206 479 1200 -1
906 596 13877 657 2421 2718 35186 491 596 30802 457 -1
15654 13877 2471 3455 9242 7871 -1
13877 13502 20537 7448 732 2718 37210 -1
732 2718 37490 3015 732 2718 732 451 25306 -1
732 451 19667 -1
7546 1004 1277 6987 508 2718 27663 3015 3356 3478 9244 2903 -1
488 1206 466 2500 34179 -1
27536 41587 30802 27663 28555 3356 3478 3015 16907 -1
33289 7950 3025 1768 732 2718 3263 2424 2231 3255 3302 13314 1985 -1
508 2718 1078 3478 30802 12685 -1
2231 1259 744 9328 27536 3015 22010 479 647 -1
7950 27663 35728 18366 25385 3302 444 3015 9581 -1
41587 3015 27663 38925 596 38480 2500 23926 -1
596 24453 8892 2345 11408 -1
48604 2341 447 6997 3025 41587 504 -1
2913 15605 886 29953 1157 33685 3015 2091 2866 742 801 2845 2354 -1
11047 26391 22435 9434 3015 13058 13416 24488 34698 -1
2878 28516 42668 8813 -1
2425 15605 10900 28193 1944 3990 29953 2091 2866 742 801 2845 2354 -1
3213 3153 1985 29632 26239 3478 -1
615 2629 615 3068 2878 23926 9670 34015 36062 999 2113 8896 -1
29953 8994 596 -1
2584 18318 24002 2231 37191 16743 3015 29978 -1
30066 28329 19718 -1
29953 596 -1
1715 2572 15605 32011 37191 35729 30081 35359 21387 3015 24966 -1
32528 1944 3990 662 1128 3835 1358 28298 1157 25148 3015 2091 2866 742 801 2845 2354 2715 15605 -1
18176 25463 1157 32528 3015 22075 2387 26389 9434 -1
15605 596 508 2000 889 31708 3015 23840 3478 3037 457 -1
7700 2519 2977 1985 17998 35359 21387 -1
2878 1944 3990 801 2845 2354 20818 2938 11070 37141 1985 15605 -1
15605 886 29953 1157 28193 3015 7548 732 3990 2091 2866 742 801 2845 2354 -1
32817 2354 596 38480 17572 716 651 15605 3015 336 682 27466 23867 24488 1985 3196 2191 30932 -1
508 1944 3990 2091 2866 742 3015 801 2845 2354 -1
739 2231 1259 15605 15655 3015 2170 2958 2424 29622 801 2845 2354 1259 15605 27466 32636 855 732 3061 3015 34132 3015 7547 25189 479 732 -1
1944 3990 3015 23857 29525 1259 2170 2958 2354 -1
13561 2354 -1
23151 2354 -1
3578 2508 2354 -1
13720 2354 -1
11070 596 24554 1157 3196 2191 3015 32817 2354 -1
11039 1259 21413 37234 15386 25607 530 670 1143 3100 15625 35669 3015 34701 -1
