19980523_0730_0735_VOA_MAN
05/23/1998 7:31:54.63
05/23/1998 7:32:27.51
28795 28361 3015 35066 13963 34183 -1
44394 7680 9800 732 2397 20818 16464 22586 30802 3015 21413 28298 3100 8594 30004 14006 -1
38478 28361 1985 27646 35244 8191 3314 2722 3015 732 2718 34280 -1
24267 44394 7680 1200 -1
1888 2091 3596 15579 14935 28298 10900 886 34616 8051 31326 25674 2878 16464 30802 -1
14006 30004 1259 30073 19967 3015 -1
19971 510 8813 -1
1888 2091 3596 28298 3015 42450 886 40497 23951 1985 31898 23220 -1
