19980603_0900_0905_VOA_MAN
06/03/1998 9:01:14.58
06/03/1998 9:01:56.23
31245 34628 732 1980 28672 23496 30002 32577 16747 -1
9608 8727 30081 1416 15945 -1
28181 31677 732 3445 1416 16444 -1
2220 10369 27924 1200 -1
16983 2299 33041 2863 3153 27732 -1
732 870 33041 398 596 732 330 19100 3015 19101 1330 -1
10369 27924 1200 -1
508 1980 23255 32577 3015 16907 36568 33144 2000 3445 28325 -1
2866 855 9983 40434 3015 26509 -1
20818 732 870 32844 2500 2096 596 398 2479 3015 33042 2033 -1
16747 9999 20818 2500 3302 18894 -1
508 1980 23496 3100 40446 23719 27354 1061 457 -1
596 2597 1678 1012 37045 13674 28325 3015 31036 32577 -1
