19980614_0730_0735_VOA_MAN
06/14/1998 7:30:01.25
06/14/1998 7:30:34.08
50044 28278 7570 1200 -1
1155 7931 12385 732 596 46835 3015 2155 1159 4072 1294 28980 -1
24022 23418 11627 -1
713 24267 46835 33749 -1
15000 20117 20768 3015 50852 7602 32056 -1
21413 48604 36094 1200 -1
35401 33676 23840 12320 -1
3318 3302 12133 40889 3015 36937 -1
47292 7680 1815 1888 1318 1003 1548 35961 35412 37157 16907 29686 40459 -1
26151 42763 7680 38280 -1
10092 38280 2471 19153 -1
14970 14452 16565 2085 24685 2155 1159 4072 1294 3015 13894 -1
