19980530_0700_0710_VOA_MAN
05/30/1998 7:05:50.62
05/30/1998 7:06:25.63
21413 7680 44394 25590 2572 20253 26064 732 1542 15427 2913 2155 1159 4072 1408 596 25590 3015 34670 32692 7469 10354 3015 29835 -1
2220 1200 -1
44394 7680 31581 46835 23873 23542 3302 2827 1478 2542 4287 35074 2913 2155 1159 4072 1294 3015 50852 7602 8407 33676 43226 3015 34670 9148 -1
21413 27924 1200 -1
7931 9561 2913 2155 1159 4072 1294 3015 46922 2572 24546 9981 -1
644 3107 14893 -1
44394 7680 596 41840 26166 1985 2155 1159 4072 1294 50852 350 40819 2722 1926 1036 -1
