19980222_0700_0800_VOA_MAN
02/22/1998 7:15:09.07
02/22/1998 7:16:50.10
18316 38483 30004 3015 732 2156 14935 14006 17159 11048 17025 -1
2715 18316 3015 15579 25634 9608 11727 31962 -1
13320 1259 21413 37234 3015 7713 34703 -1
508 2156 25402 1374 1528 44452 21387 3015 14935 14006 -1
662 18316 8675 3015 -1
26046 32907 3015 30004 17159 -1
3043 1259 10477 10787 28047 1842 1728 24495 10099 3015 27732 -1
18316 27646 10178 23774 1086 34179 15648 20818 44118 14006 3015 14025 2572 7971 -1
739 13812 37176 17025 3015 14006 -1
10369 27924 1200 -1
28047 3015 9999 1259 2997 2875 2424 10787 2572 2997 732 2424 10787 29487 2535 -1
30948 16904 3367 10099 3015 744 2921 -1
10905 31308 14006 14530 26046 3015 28727 35609 10099 3015 28727 -1
508 2156 14006 3015 18345 1259 16623 27732 14935 -1
14006 27799 -1
11121 30899 14935 3012 -1
34802 32400 14708 30899 12412 -1
11047 16792 11121 30899 14935 17435 24488 44287 1886 3015 22565 -1
34513 14006 3015 30004 2958 596 18642 35142 -1
3043 1259 10900 744 24685 39222 44187 3015 28047 2878 14636 -1
508 3103 16747 2913 18316 3015 15579 23774 12928 653 1259 732 3103 31962 -1
1715 -1
612 -1
732 3990 13778 33524 3015 16834 45446 596 39227 32997 -1
1715 30004 3015 732 2156 23565 14006 14530 1985 27732 391 1391 39227 -1
33886 18316 7760 3015 -1
26046 368 -1
1715 22525 30004 961 2156 14006 2938 26014 32907 -1
18316 27646 10178 23774 1086 34513 11070 596 -1
26046 3015 25958 1330 23774 25404 2710 1004 31124 3015 -1
26046 -1
7931 596 -1
1715 14797 16792 -1
3043 1259 23669 508 2718 1407 1560 43644 14636 -1
