19980520_0730_0735_VOA_MAN
05/20/1998 7:30:39.64
05/20/1998 7:31:18.52
10757 9286 596 8594 3015 31744 713 24488 24546 32038 -1
596 508 14893 -1
10757 3015 2576 16834 2572 28329 17257 1269 508 2718 31011 3015 24536 24040 18287 17161 -1
10757 38988 38486 12085 9286 8594 31744 -1
596 508 8891 -1
34616 1200 10757 16627 713 8594 14205 1896 1004 24638 -1
2085 1004 7807 3015 41971 24488 34236 -1
508 1259 13812 24806 3015 -1
3043 1259 -1
10757 38988 21442 2913 8594 15357 3015 10369 38528 3015 12320 2913 1551 8376 27646 28202 855 14205 3015 8805 30066 19718 -1
