19980612_0700_0710_VOA_MAN
06/12/1998 7:03:45.54
06/12/1998 7:04:17.88
10752 1521 7680 39279 596 18396 11408 19963 39279 25496 3015 33706 -1
34033 17628 27646 3015 26767 457 -1
19805 1985 732 2718 21896 12685 -1
2220 38383 658 3401 38478 34701 -1
10752 360 44320 -1
11070 644 39279 3015 21896 21182 -1
2220 28181 -1
39279 25496 3015 33706 1004 1190 3445 709 21387 -1
28952 1659 18384 1200 -1
9242 33706 1259 14970 29122 16565 2572 1431 3063 27960 2878 31225 3015 -1
10702 10541 34834 10752 34975 24310 14177 -1
