19980325_0900_1000_VOA_MAN
03/25/1998 9:07:06.26
03/25/1998 9:11:16.00
33257 3015 732 991 51171 3015 20888 1200 -1
596 855 7689 432 36482 16654 30648 3015 19231 -1
24271 31625 1985 1155 3015 30121 -1
33257 22185 2421 1788 51235 -1
739 16464 1985 33912 15735 32555 3015 24267 -1
13320 36431 21413 37234 25607 1022 572 3015 34703 -1
30648 28430 32931 33257 3015 24054 -1
44456 1456 787 2099 2913 21413 37234 25607 34179 -1
38486 31453 40256 732 1788 24271 23088 1155 3015 2397 457 -1
920 1259 2572 1155 3015 30121 2042 1024 3403 15546 -1
24829 17633 32418 2535 3063 2042 1024 3403 732 1542 1448 1985 732 1121 40256 -1
33874 -1
2042 1024 3403 732 1542 644 24271 732 3022 29825 -1
36255 657 24270 31160 -1
2042 1024 3403 2498 1985 11160 8896 -1
3343 3383 24271 31625 1200 -1
3025 14441 417 35916 -1
1456 787 2099 21161 1985 31432 3015 18828 -1
13877 40256 20769 876 22736 -1
973 1200 556 2480 1261 1732 -1
13877 28879 1985 2231 3063 13877 357 1039 -1
1155 1200 -1
1842 39778 -1
13877 3025 14474 1448 417 35916 -1
1155 739 1842 1200 3025 20791 31036 1448 -1
1155 2231 9244 1200 1985 -1
973 1200 9574 2231 2913 13877 2171 379 13877 9574 2480 1261 1732 -1
1155 1200 -1
7546 1732 44135 739 44118 744 5878 -1
2718 16875 26147 -1
24271 29223 432 36482 7689 2085 16654 -1
3043 1259 1456 787 2099 18337 -1
31446 1259 31581 2042 1024 3403 1004 432 36482 3015 29686 8675 21708 -1
14134 -1
1153 23626 1200 -1
973 1200 432 36482 1259 31424 3015 906 596 31447 3015 7689 -1
13877 2938 35285 1155 -1
13877 2938 29636 7521 1155 -1
1207 744 532 32563 3037 7689 2938 744 2913 27646 8636 1259 3302 1259 792 -1
973 1200 -1
1004 16875 2308 1155 357 1039 -1
1259 3302 1259 3502 -1
1004 16875 2308 1155 357 1732 -1
13877 35859 3455 432 36482 3185 1985 -1
13877 35859 3455 1155 2614 1985 -1
13877 732 2989 1747 854 2938 21442 -1
2042 1024 3403 9545 1259 33257 2997 732 19372 37707 3015 28439 -1
1155 9545 10477 596 732 2237 43990 33613 11408 21109 2572 11408 2572 2857 29122 3015 23626 26088 2878 34552 18107 -1
26819 -1
50042 -1
18642 40134 -1
41683 28731 29931 7469 50058 3015 33721 -1
14626 1985 13334 29931 2913 2042 1024 3403 -1
1126 11738 -1
2034 1004 -1
2001 2019 1004 1190 1416 3015 42653 25765 340 3015 20155 -1
469 14117 1985 42653 12083 340 -1
1329 596 635 457 3015 1126 11738 2572 2034 1004 10907 31209 15338 16684 -1
508 2356 35351 9545 10789 27441 3015 8417 -1
1312 596 13003 3015 8594 18391 36271 12401 8535 886 14450 30064 1985 2042 1024 3403 3383 24268 31625 3015 12852 -1
2764 8535 3015 1929 5302 1474 1200 -1
2042 1024 3403 596 8594 3015 1416 3068 26147 19231 9545 25878 2999 33613 17587 26088 -1
1929 5302 1474 2500 1200 -1
1077 596 33257 3015 1126 11738 -1
2034 1004 -1
2001 2019 1004 1374 1416 739 3383 24271 31176 34961 -1
3318 43788 1200 -1
596 432 36482 29686 19612 33912 32555 -1
18176 47146 2878 732 2958 744 36764 -1
573 34364 26270 732 870 15410 3015 21959 -1
2042 1024 3403 3015 20888 1456 787 2099 -1
739 34710 1200 -1
732 657 21106 16898 -1
30121 2231 2471 16464 22833 3015 31592 -1
34436 33807 3302 32555 -1
26003 3383 31625 3025 14441 417 35916 3012 3012 -1
1456 787 2099 1200 -1
13877 739 1259 885 24554 9241 1104 1985 1722 732 926 -1
21068 20755 1104 1985 1722 732 926 -1
24554 40256 2085 1985 -1
21068 40256 2085 1985 -1
739 13474 1985 -1
1200 13877 30208 12345 1728 1869 792 -1
973 1200 13877 3015 12345 360 739 1869 3302 1985 1985 -1
18405 360 2171 379 13877 -1
20498 2304 18586 2304 3324 -1
18586 2304 24271 36123 379 13877 -1
24316 3025 13877 2397 2085 17951 13877 2397 2085 -1
15648 -1
3493 792 -1
508 1842 1350 -1
508 2231 1259 1200 32545 417 35916 -1
2231 885 21909 1189 3015 -1
508 3302 739 2559 27270 -1
13877 3185 3015 739 33799 1722 35841 -1
973 33799 35841 3302 739 2231 1259 37833 1878 -1
11048 1259 24316 3302 35841 -1
24316 3025 20771 1448 417 417 1448 -1
844 1878 -1
973 2397 31036 549 -1
973 1200 1722 2231 2715 1155 1107 357 3463 -1
973 1200 -1
973 508 2397 417 3015 739 549 -1
973 2397 417 30081 1815 3015 29730 -1
739 2559 549 -1
3131 4930 3131 -1
1416 4930 1416 -1
973 2500 21442 417 3015 -1
13877 2500 3017 2699 1155 32795 -1
20498 2231 492 357 3463 -1
2042 1024 3403 906 596 17030 596 2397 -1
25523 657 20888 11047 732 1416 1330 12709 3015 30121 -1
11039 1259 21413 37234 25607 1022 572 3015 34703 -1
