19980327_0900_1000_VOA_MAN
03/27/1998 9:35:23.95
03/27/1998 9:37:35.74
10757 10951 20818 491 596 34234 -1
34234 3015 13894 1259 2913 1036 2297 1664 4195 7689 855 3015 10757 21108 8215 8994 3015 732 889 8401 12407 30554 -1
13320 36431 21413 37234 414 38528 25607 3447 2148 915 35669 3015 34703 -1
1036 2297 1664 4195 7689 26763 1155 3015 44911 2572 42655 12619 1155 22214 3015 10757 39917 -1
34834 10757 34975 30580 33909 3015 24041 -1
1036 2297 1664 4195 2913 10951 34179 -1
24040 3302 979 19689 1985 10757 3015 24310 2572 27647 12329 -1
1036 2297 1664 4195 1200 -1
10757 12133 732 2718 22517 13910 -1
20537 22525 8824 961 1715 3015 8994 -1
1155 1200 -1
1838 732 2718 27631 2572 18470 21109 3015 1416 -1
2938 3302 21095 508 2718 27646 1004 16875 13109 1985 8976 30580 3015 24041 -1
22581 9138 1157 22214 3015 1521 8994 24525 8824 1985 16987 2718 612 -1
2878 3302 1259 1036 2297 1664 4195 1157 36708 3015 961 1715 -1
10757 24458 732 476 3142 596 8988 30580 3015 23141 479 457 -1
2000 1715 1730 9545 657 1190 2718 7689 8824 -1
644 3107 14893 -1
42655 40819 -1
1664 1036 3596 15357 1985 8647 -1
23606 3025 10757 39917 11036 3015 12292 -1
1155 26492 10757 508 2718 21108 8215 8998 1259 2801 20537 31632 13910 -1
1155 36708 10757 39917 3015 44911 -1
732 2237 2237 2875 1715 9545 31364 732 330 40008 -1
1664 1036 3596 8813 -1
25419 39902 16627 12882 10757 3015 2837 7727 22597 -1
508 2718 27646 2231 21442 13910 2150 780 -1
19971 18384 19194 39917 5063 1255 6785 10757 18402 17498 3015 40431 -1
18500 596 1155 36708 18598 840 10947 1407 3193 457 -1
10757 39917 8211 596 2837 7727 2572 7727 13894 1330 33676 23229 3015 8999 -1
1036 2297 1664 4195 8994 596 38483 2345 21192 45862 -1
42546 1200 -1
596 33144 16983 2718 21327 3015 8946 926 -1
18395 23669 657 20535 26011 -1
662 44265 2572 22581 9138 7574 3015 29861 16718 906 596 10900 17051 1985 732 2718 8401 20714 8998 3015 8946 -1
22597 9652 1985 12882 -1
508 1259 10757 39917 2997 2875 3103 17579 8824 -1
508 2718 3035 596 732 2237 41323 31704 2535 24525 8824 1985 16975 1099 -1
15729 2231 10477 21442 20537 596 10951 457 12337 30218 2878 13306 -1
