19980301_0700_0800_VOA_MAN
03/01/1998 7:07:27.98
03/01/1998 7:08:34.49
28536 15025 8594 13153 1416 3068 38926 19091 2425 18642 -1
612 17051 37774 33272 8869 8896 -1
906 596 653 17051 1985 1155 7548 3015 18623 25958 -1
19091 3015 21006 21442 32518 596 926 732 2284 1416 3068 31622 3015 21040 457 -1
644 3107 14893 -1
855 3015 44565 21192 3455 8994 18366 7683 12883 732 3429 3015 25328 15136 -1
13320 1259 21413 37234 44929 25607 4118 2515 28516 40554 -1
40740 -1
42668 11047 13003 50165 2572 10723 35838 3015 12852 36670 3015 7713 34703 -1
1169 4348 8594 2997 3462 2284 1416 3068 33272 7548 732 3103 26147 24702 -1
14450 18329 -1
8255 508 3103 26147 3015 13153 1416 3068 38926 19091 739 37320 1985 1155 3015 8976 17182 24429 -1
1155 3015 21006 3100 926 732 2284 1416 3068 31622 3015 21040 457 12858 3015 46058 -1
32148 18521 508 2718 33227 11045 3383 18329 657 20535 1077 8594 42234 2572 27646 2997 732 2584 18375 41536 24854 3015 18375 25722 17051 1155 7548 732 2718 18623 25958 -1
28516 8594 3015 13116 27774 -1
1412 1869 2000 2718 -1
1715 7689 18347 3015 22738 34364 22768 -1
