19980404_0700_0800_VOA_MAN
04/04/1998 7:02:13.60
04/04/1998 7:03:21.83
40889 13703 41577 11070 22771 43965 -1
15648 14364 1985 2913 38208 7680 39857 3462 330 37471 291 3015 2997 732 1898 25312 28421 -1
31677 13674 1788 13703 41577 38483 9633 19233 35130 -1
40889 13703 25312 12928 13164 37737 1312 596 35130 -1
20061 13703 41577 25312 37471 291 3015 31677 30081 1788 40889 38987 38483 36770 16907 22771 38208 -1
40889 13703 25312 12685 1200 -1
13703 25312 12685 596 27536 732 2718 12385 3015 25312 28421 29636 32907 -1
508 3462 330 37471 291 596 27536 1555 1715 732 476 24467 13703 25312 18366 24495 -1
2929 3835 2057 1200 -1
596 3383 25312 3015 732 1528 2903 330 25143 457 -1
15648 21442 29992 14166 13623 -1
2929 3835 2057 1200 -1
9242 25312 2345 12870 18396 2913 38208 13703 8675 20535 3015 11100 -1
38208 42472 3500 1547 378 1200 -1
25312 8962 38208 21442 23295 43226 44582 14166 13703 -1
3043 1259 13703 41577 23542 2471 24488 26785 25312 -1
