19980222_0700_0800_VOA_MAN
02/22/1998 7:33:39.14
02/22/1998 7:34:19.51
49850 2572 1583 24516 10477 34670 26088 33905 25481 2878 30580 33909 -1
15544 16231 2913 1259 2801 10702 26273 2572 1135 34179 26492 -1
50858 24268 3455 38478 14327 30002 3015 9507 34650 16743 42104 39132 25800 8215 29398 -1
24268 38483 33357 1985 29641 596 50858 732 2718 39132 24011 1459 3015 732 1848 9507 22858 -1
14893 -1
44037 2690 2572 3015 2191 8976 31401 855 3605 3035 -1
2913 1154 3383 9671 18651 2572 1135 7875 15357 23626 -1
855 3605 3035 1200 -1
1154 657 23542 3302 2471 597 33624 15544 -1
