19980502_0700_0710_VOA_MAN
05/02/1998 7:01:35.01
05/02/1998 7:02:29.38
21413 42072 34179 10369 29762 732 2718 12385 2085 14146 457 2955 2572 1583 13894 1157 9471 3015 35728 20306 3318 21442 28957 50856 42073 38721 732 644 713 3460 16231 40819 26155 3015 19264 -1
21413 42471 35738 14970 30899 886 50856 42073 24628 1985 1155 651 38193 2572 17867 44049 40819 2231 9092 16378 457 2955 2572 1583 24516 1157 24488 3015 26155 -1
42072 42680 1200 -1
50856 42073 21442 22743 13023 1155 644 713 3460 40819 3015 26155 2471 15675 16231 2378 3015 29466 -1
50856 42073 25634 38721 732 596 21818 2572 713 3460 40819 24022 26155 -1
50856 3015 42680 1200 -1
21413 18318 2913 31942 457 2955 26155 25139 3401 657 13502 -1
3043 1259 1155 24267 1200 -1
25326 3015 30787 28421 33852 38862 2999 32771 13314 -1
