19980220_0700_0800_VOA_MAN
02/20/1998 7:11:47.88
02/20/1998 7:12:37.84
24733 2690 2572 2625 43689 596 18316 35485 24022 3015 30600 43996 457 713 2875 3367 732 9423 41611 2914 -1
24495 9098 24586 3015 23919 -1
508 3237 34435 -1
596 9060 34435 24702 3015 16907 -1
3070 3196 732 3367 732 1583 -1
24733 2914 3015 3981 2085 2722 596 2997 18014 2704 1391 732 1464 -1
18499 41611 596 23976 34435 24702 2500 657 40761 1799 3015 16907 -1
2704 1391 732 1464 -1
3437 3196 19773 -1
596 1282 29437 2396 1278 34435 457 -1
16231 2938 21442 2273 1464 -1
33886 24733 3015 40530 596 2521 2871 2989 1464 3015 16907 -1
31935 1985 26011 3015 27976 732 1464 -1
3383 32952 -1
39071 -1
3015 24733 2914 39449 2619 1375 2148 31412 1985 41611 17459 3015 961 2718 1464 -1
24733 38478 2345 2572 42763 11047 29533 3015 3429 23919 457 26011 3015 18759 9098 27920 -1
