19980222_0700_0800_VOA_MAN
02/22/1998 7:16:56.37
02/22/1998 7:21:14.60
27536 732 2718 12385 11045 2997 2875 3103 16761 31672 39441 886 30628 49314 36741 -1
11408 18316 31446 1004 1155 596 2997 2875 3103 16761 31672 19612 3015 7532 31262 3318 332 20069 -1
10028 457 657 8594 1416 -1
739 657 38135 2572 19572 27648 3015 39441 -1
13320 36431 21413 37234 2409 9238 -1
26726 732 3063 1157 30055 3015 13415 533 15357 3015 -1
1022 811 24806 35411 25607 3015 30899 33687 1278 34179 -1
1153 596 29938 1330 1157 32973 3015 20568 1259 28516 24559 732 612 30081 2584 596 9238 705 968 1257 8594 10028 31622 31821 1330 1157 15427 14970 3015 20568 -1
1022 811 28628 29955 1153 596 18316 11982 1282 1715 -1
29992 596 8594 25697 1416 1416 8918 3015 1407 2191 34664 -1
596 18316 732 3436 1416 1435 44118 -1
1153 34179 -1
35666 19612 18316 1555 1374 732 33749 596 8594 37825 -1
41868 24488 13415 533 -1
18316 8994 10702 14134 29013 -1
9024 3189 1853 -1
1407 2191 13415 533 3015 22676 16737 -1
886 8594 18395 861 340 -1
3318 2913 9413 29804 1157 9608 3015 15693 2770 1542 9413 9581 -1
2220 1022 811 596 29938 1330 3015 27917 -1
18316 29955 15891 16464 1153 2572 19572 10028 3015 1200 3111 1157 28825 -1
973 596 508 2718 10997 32973 3015 16907 1732 -1
1551 457 657 18316 3015 1374 2718 29955 22724 31432 596 3237 3015 1374 2718 29955 22724 657 2000 2718 2977 11654 -1
34033 1732 -1
15648 732 476 2171 379 973 -1
30133 657 3015 29955 15648 732 476 30943 -1
30133 34179 2913 973 1551 457 3015 732 2989 20568 34179 9662 1674 -1
22185 508 2718 23725 457 2500 657 732 2718 29636 22649 3015 16739 2231 1259 1200 -1
1674 -1
596 8594 10028 32973 10997 3015 16907 1732 -1
36243 2938 657 18571 28144 -1
3043 1259 508 596 29931 -1
29938 1330 1732 -1
732 3436 2085 1200 1259 3302 9800 3015 -1
732 3436 18828 926 -1
596 29938 1330 18176 657 1416 28144 3015 2507 -1
29955 2471 15357 2085 11408 15000 -1
3043 1259 1732 -1
29955 21442 35654 7469 18352 34179 -1
2220 18316 36567 34703 -1
31432 29938 1330 31677 657 732 3445 2718 7494 8594 2572 18316 3015 44911 596 20134 -1
1022 811 34179 -1
18176 26014 20069 -1
2345 12176 732 330 25585 43658 -1
18176 657 20069 2280 3015 2507 1732 -1
13877 744 668 508 2718 1523 578 732 2718 22676 41628 -1
2085 25585 16449 3015 14919 -1
10900 -1
13415 533 16449 -1
16461 14919 -1
18499 1732 1424 18396 20537 14970 508 2718 41628 11982 22676 -1
1985 2291 31440 3015 22676 -1
1022 811 34179 508 2718 27929 3318 33787 1259 1004 1985 24584 -1
2878 1259 1004 1985 7522 -1
20818 3015 17292 24782 469 1259 32973 10997 -1
2997 2875 3103 32973 10997 596 13663 -1
2997 1374 3103 596 24559 19584 -1
32973 10997 8896 3293 2471 24495 1085 487 -1
34234 3015 17292 24516 -1
16904 2345 2471 2559 3233 -1
11039 1259 21413 37234 25607 1239 2625 2786 3100 40661 35669 3015 34703 -1
