19980224_0700_0800_VOA_MAN
02/24/1998 7:27:00.14
02/24/1998 7:28:44.37
24435 43965 11070 14881 886 40889 25312 18366 23771 7807 3015 22194 -1
21413 2625 2471 3015 10944 18318 2913 38208 34179 19126 15565 -1
13320 36431 21413 37234 25607 1195 1017 3100 2625 2471 1345 35669 3015 34703 -1
662 29753 35424 -1
43556 44207 22190 1887 1109 1077 44394 7680 15427 1985 40889 1077 38208 32011 3015 12620 -1
1155 34179 508 732 12620 36229 1985 25878 3015 732 3300 -1
10900 1154 1269 40889 25312 18366 20537 3302 36615 2019 3015 25312 1246 26492 3015 31042 -1
18500 2913 38208 1259 2801 1728 7517 12620 -1
2452 1259 21413 3015 23427 1259 2801 1728 19670 38208 21906 12620 -1
1887 1109 11047 21109 2690 2572 36170 3015 19572 10944 18318 34179 25804 3015 26492 -1
40497 43557 23515 739 886 19572 10944 20755 18329 -1
21413 744 332 3015 33878 1259 30149 38208 7680 39857 2536 1376 688 -1
23515 1200 -1
23515 1200 -1
10477 39857 27536 3015 36670 15656 -1
11070 8962 1155 15718 3213 2485 -1
34033 15718 14170 7807 19303 3015 12620 -1
1155 3318 3302 21574 651 469 2913 39857 24488 30149 -1
23515 1200 -1
18176 39857 596 27536 961 -1
1944 1715 3037 457 34174 3153 32824 -1
1747 2231 23542 1955 3037 3331 1896 1985 -1
2500 657 3015 10944 25150 3455 39857 36658 27647 533 2853 3015 17290 1145 -1
15648 18329 -1
25419 39857 9715 15138 -1
32081 21329 9715 1077 1155 1141 1660 -1
10702 2913 1155 24488 11852 2572 10354 3015 31962 -1
