19980606_0700_0710_VOA_MAN
06/06/1998 7:07:40.83
06/06/1998 7:08:33.30
27414 7680 2280 3068 455 19504 19233 21413 -1
24488 1155 2913 21413 3015 16520 27619 29686 -1
1155 596 29686 19612 2345 15427 27414 3015 24310 14177 -1
34033 12629 1837 2611 2000 2625 2913 35398 3015 8999 -1
2280 3068 455 7680 2957 651 38483 31085 20364 -1
18499 35961 38721 732 3025 41840 2572 44394 7680 26155 -1
2280 3068 455 7680 1200 -1
1155 2345 18804 21413 34834 1155 3015 24310 29060 25634 -1
27414 732 2718 22642 25840 3015 28451 38478 18651 1985 9715 24022 37489 3015 25634 -1
508 9561 1985 2280 3068 455 3015 24310 29060 25634 32907 3015 25915 -1
2280 3068 455 7680 596 41840 29686 19612 -1
2500 2345 15357 23136 644 35398 24310 2572 8976 27087 3015 15363 -1
2280 3068 455 7680 3379 12385 9545 26763 21413 24692 2913 35398 3015 24310 8697 -1
