19980326_0700_0800_VOA_MAN
03/26/1998 7:01:55.46
03/26/1998 7:03:27.95
40889 13703 25312 8107 -1
596 40889 38987 3015 20061 926 -1
23728 25312 38208 37471 291 -1
508 1259 27440 9413 24702 11048 -1
13703 25312 8107 2997 732 3103 24495 9242 37471 291 -1
28516 1330 2718 612 40889 40526 35251 2572 38208 19306 3015 12620 -1
40889 38987 20061 25312 12685 -1
732 1542 24488 25312 -1
37191 12620 1259 1004 1985 1424 40889 13703 25312 18366 -1
24495 3462 330 37471 291 -1
38480 662 31677 1944 36561 8107 7574 3015 25312 12685 -1
596 2572 30081 1788 38987 24495 43038 3844 4165 37471 291 -1
508 1259 38208 37336 3015 37471 291 -1
662 25694 330 25143 7574 -1
40889 25312 18366 2345 596 24560 2421 2718 12385 1730 -1
2913 19572 -1
19572 1555 330 37471 291 24488 13026 3015 25312 -1
596 40889 25312 18366 24495 37471 291 8891 33874 -1
40889 16509 13703 41577 3460 1109 2057 -1
28795 22771 43965 -1
3460 1109 2057 596 1077 38208 27924 24488 1985 36649 26155 8896 34179 -1
1155 13023 508 3103 3015 13703 25312 28421 2471 16072 14364 -1
38208 24002 1424 40889 13703 41577 24495 37471 291 -1
10789 1985 7546 732 3103 3015 13703 35814 14177 -1
3318 31308 21413 14205 -1
744 2913 38208 33676 23840 12320 -1
28516 40889 23914 -1
38208 34364 12878 43226 3015 44582 13703 -1
13703 8107 34364 27197 38208 18520 21442 10771 9242 13703 -1
