19980227_0900_1000_VOA_MAN
02/27/1998 9:32:58.20
02/27/1998 9:33:41.35
27433 27647 29938 7469 33721 1200 -1
29938 37105 7469 2231 2000 1788 17446 -1
1715 596 39280 1886 2722 3367 17620 9506 29788 27320 28298 23490 3015 2000 1788 40913 1416 3015 17290 3383 7581 2878 10789 3015 24174 24488 32451 -1
21413 2428 10736 31446 11408 10799 508 2000 1788 40913 44768 -1
2231 29788 27320 28298 23490 3015 34650 16904 32525 16443 -1
657 -1
2718 1416 596 20773 34650 457 36512 -1
40913 9103 1200 40913 37105 17290 508 2000 1788 40913 1416 -1
26003 1424 15648 596 457 2022 27646 32525 16443 -1
