19980311_0700_0800_VOA_MAN
03/11/1998 7:13:20.21
03/11/1998 7:16:46.67
28536 15025 -1
21413 33266 40889 31622 44426 31744 1200 -1
27647 17442 34364 8674 46835 2572 46835 2155 1159 4072 1294 50852 46741 8895 33905 17161 3015 34670 32692 -1
46835 24271 2572 12868 30323 11672 1985 2155 1159 4072 1294 596 7546 32692 457 3383 31930 3015 31677 13674 2218 50852 7602 3015 16989 -1
596 3107 8891 -1
15941 25509 34179 24002 24806 -1
15648 732 476 596 31166 14450 2913 9242 16989 24488 30457 767 3950 -1
35822 15941 25509 13023 -1
9241 2471 15348 46835 25228 18391 3015 8963 -1
13320 36431 21413 37234 25607 1318 335 2572 3248 3835 3981 29525 3100 20364 2572 2155 1159 4072 17139 1565 2033 1277 2998 1745 35669 3015 34701 -1
662 2491 3068 1226 35424 -1
46835 23873 2572 46835 20714 2155 1159 4072 1294 9092 7759 3015 50852 46741 8895 39719 30002 1985 34670 32692 -1
657 31677 35146 2718 1416 17957 1985 17211 -1
1551 457 34802 28966 2572 30123 -1
1004 25385 46835 24040 29978 2878 662 688 -1
2866 -1
3020 -1
707 -1
2890 -1
1837 1944 2625 31622 7574 3015 15655 22573 12685 11070 596 24310 2572 14452 29762 2913 46835 16844 1985 3302 1143 11736 3015 8697 -1
8697 3015 22743 1259 46835 16792 13706 22181 13812 24806 -1
44426 31744 1200 -1
40889 44022 2345 25150 22573 12685 596 2155 1159 4072 1294 18587 16844 13703 24468 -1
44426 31744 1200 -1
13877 34364 8674 2155 1159 4072 3015 32692 -1
31453 30002 1985 25228 18391 3015 34642 13149 -1
27647 17442 34364 33676 732 4332 12320 8674 34670 -1
44426 31744 2500 8418 1985 22573 12685 30059 3015 26763 -1
22573 12685 10136 40889 18391 16732 48858 36199 798 29218 19233 2155 1159 4072 -1
16654 31453 25228 18391 3015 18828 -1
2155 1159 4072 34670 32692 3015 40434 1200 -1
46835 24268 21906 1985 15648 30059 3015 14205 -1
50852 350 44652 3015 25509 24002 11672 15941 16989 -1
1551 2535 -1
24268 7807 21646 1985 9242 16989 -1
15941 25509 13502 31453 11191 2452 27647 8107 25304 16989 -1
46835 24268 24002 24678 16989 -1
24268 1200 -1
15648 7807 3015 11191 20537 24488 8089 25312 -1
46835 31446 1200 -1
24271 31930 3015 20757 50852 1416 1259 46835 31446 15655 3015 47723 29435 -1
2150 1259 -1
1551 457 31677 657 732 3429 1259 28966 -1
44418 2452 8768 961 1167 3068 3015 30123 -1
32193 -1
21413 15397 2760 3596 3460 3020 24702 1985 1077 46835 27924 2572 50852 46741 22190 24022 3015 26155 -1
596 3107 8891 -1
20253 -1
42763 2572 21413 14452 18366 12385 732 33676 1985 8697 32035 -1
1551 1759 3015 1259 2231 2155 1159 4072 41389 7759 9471 26155 -1
2760 3596 3460 3020 15397 2913 46835 15357 1985 11736 19971 -1
1155 1200 -1
24271 596 7546 32692 457 16792 33595 13706 13482 50852 46741 -1
1259 14353 33883 29928 3015 12292 -1
