19980303_0900_1000_VOA_MAN
03/03/1998 9:34:45.78
03/03/1998 9:35:28.80
42763 7680 38280 18349 28710 27663 28039 2155 2155 1307 1004 10609 23992 18623 3015 27646 35244 38925 855 40526 -1
50626 3015 732 991 42680 1200 -1
38280 7680 2500 24675 1985 23873 25311 25917 2572 27663 38925 -1
2155 2155 1307 13247 31582 508 2718 38925 3015 42450 -1
508 2000 2718 25917 2345 27129 3025 27646 35244 38925 457 -1
42763 8994 3015 508 3103 28928 13182 -1
2155 2155 1307 2345 26014 3367 1155 18665 3015 2054 3300 2280 28488 3015 18623 -1
12385 732 2054 3300 2280 3383 18349 31582 732 2718 8994 35728 8869 -1
