19980531_0730_0735_VOA_MAN
05/31/1998 7:33:50.19
05/31/1998 7:34:25.83
49850 34654 1985 368 17551 12034 1829 14798 8946 2572 1583 12620 11045 3015 1251 1542 11727 34670 26088 -1
3315 1152 3037 499 38483 34654 1985 1944 2718 12739 3015 20181 32692 -1
8727 657 1374 1788 19832 2572 1282 732 1788 24266 16444 -1
32692 1259 596 12523 3469 2079 2446 17442 1054 10386 32431 39132 24046 18709 30002 3015 -1
10386 37321 3015 508 1091 1923 -1
1259 41382 20181 32692 732 3144 2425 2872 3015 31042 -1
15418 1259 36246 13277 -1
855 24872 18790 2572 10736 22581 3015 10386 32009 28736 3015 16907 -1
