19980301_0700_0800_VOA_MAN
03/01/1998 7:05:22.93
03/01/1998 7:05:58.70
21206 2191 8994 1200 -1
1155 31591 1985 -1
1416 -1
9242 1416 3383 8805 644 732 889 24488 19689 2572 35200 8994 40819 3015 10853 657 19351 -1
8994 42680 596 12498 44214 1330 1200 -1
9242 1416 1259 596 732 9856 3383 31591 3015 -1
42680 1200 -1
9242 38698 644 3477 1345 16365 22214 3015 42656 18598 21109 22572 657 22565 -1
40272 2572 1583 2339 41718 3477 1345 16365 2903 3103 34179 -1
1155 22214 3015 9793 1259 744 14970 2837 34670 3015 29759 596 21206 16839 21109 -1
