19980524_0730_0735_VOA_MAN
05/24/1998 7:32:02.92
05/24/1998 7:32:36.32
38449 1416 1004 2997 30089 3015 10951 12037 24488 14798 -1
508 3103 12037 2345 23926 1259 2801 1424 8824 3015 17442 31399 25590 8824 1190 1715 -1
2000 2718 12385 1521 3015 2997 732 1898 14798 24719 13182 -1
13153 7689 2450 2879 22214 3015 38449 39689 -1
21844 22192 651 8217 3015 457 2378 1603 655 29861 31401 18964 21108 44941 22572 -1
744 1259 21442 31401 2452 22572 596 508 3103 12037 457 10654 30218 13476 -1
24559 36770 16907 23542 24022 855 3015 12037 -1
