19980503_0730_0735_VOA_MAN
05/03/1998 7:34:32.28
05/03/1998 7:35:07.64
10092 21413 48842 2584 27317 29618 2345 596 38479 24488 9060 25042 -1
24435 48842 2584 23776 17894 2572 33748 31322 25891 3015 16115 13434 32518 28047 -1
10179 27924 1200 -1
48842 2584 3015 -1
1788 44874 2471 8146 3025 1374 2718 42700 457 657 732 2718 17056 3318 3302 2471 33324 18352 10640 -1
48842 2584 27317 29618 37150 16623 668 3015 30558 -1
1421 31012 24488 1985 -1
1099 3015 27313 -1
508 3103 29602 3015 16796 1259 11726 31770 2572 46685 13434 596 17027 926 3015 29835 -1
