19980220_0700_0800_VOA_MAN
02/20/1998 7:17:35.80
02/20/1998 7:19:19.27
28536 15025 -1
18316 37742 28361 1985 653 732 2718 32188 24310 3015 25634 -1
13502 9159 43624 3015 18316 24310 -1
21413 37234 25607 2163 3017 14216 3100 30628 35669 34703 1200 -1
855 25634 43235 25245 1985 8994 2913 38154 -1
49053 2572 28069 16678 3015 23390 -1
13320 1732 -1
36431 34703 3015 12955 20568 -1
662 764 2865 35424 -1
855 3015 32035 8217 1259 1004 1985 25467 18316 10817 3015 7878 25958 -1
23136 28069 24966 26088 -1
37742 37516 38478 28361 3015 37340 24310 32188 25634 34802 28957 18526 7448 10817 31586 3015 14683 25402 3015 29771 -1
1424 28298 34445 18222 2999 21642 7807 3015 28073 -1
25944 42142 23526 34445 18222 2999 9561 1157 3183 28073 -1
12419 15128 739 10340 29651 -1
37191 25634 22185 732 870 15127 17449 34834 19572 2503 39227 27646 3015 24310 -1
9800 18316 41395 10817 15348 30081 36652 21387 3015 24546 31602 -1
23136 2572 22278 3015 21478 -1
24310 19452 1086 33247 596 30628 2913 25607 1200 -1
12133 2000 2718 612 3015 16904 -1
18526 18175 16844 37191 25634 -1
8994 12133 16904 21739 28534 32035 -1
2572 27536 732 870 25634 33828 37223 596 651 -1
37191 855 25634 2408 3302 1259 9561 855 3015 28342 12928 23706 -1
739 3302 1259 25050 16090 -1
2878 8217 1259 17449 25245 8994 2913 44343 3015 27885 -1
10092 38483 596 21818 23740 3015 1555 2718 42282 27646 49637 26147 -1
2345 886 18316 46608 -1
11408 18316 33676 28482 10354 3015 32035 -1
9159 24310 -1
14787 510 2913 855 25634 3015 29835 33876 13026 -1
38478 -1
30628 28068 25404 17592 -1
3043 1259 1407 623 2915 21387 3015 26134 1435 10340 13353 -1
