19980507_0900_0905_VOA_MAN
05/07/1998 9:02:34.95
05/07/1998 9:03:11.70
596 38180 20714 -1
36621 1788 24115 18366 491 15825 16107 3015 17222 510 -1
38481 1724 1946 26980 1747 3301 2057 3981 28980 3015 1345 3083 -1
8727 657 1190 16972 2718 1416 15945 -1
35916 2085 3015 34663 1269 2000 1815 1307 34033 4123 35584 20519 3015 35816 25743 -1
9884 1345 3083 -1
3170 2479 19100 -1
11765 29734 -1
34033 1269 35822 1416 13109 23145 -1
1747 3301 2057 3981 28980 657 31677 40857 1416 46088 -1
38180 8994 29013 34766 28319 3015 25917 1200 -1
8727 657 19587 2903 1416 17025 -1
