19980403_0900_1000_VOA_MAN
04/03/1998 9:43:33.18
04/03/1998 9:44:58.41
32193 -1
13003 3015 -1
50165 -1
34703 1200 -1
13003 27924 491 596 20306 16052 21413 27924 1424 44394 7680 596 29686 17639 713 5115 -1
596 19584 732 2584 -1
739 2231 1259 13003 26253 9066 732 8362 3015 16907 29686 13003 -1
10477 44394 3015 16904 35249 2559 2277 -1
7551 8775 596 13003 15008 732 1099 -1
41840 12852 47557 14748 -1
44394 2471 1448 13003 29686 -1
3043 1259 1259 29225 596 19584 732 2584 508 732 1099 -1
906 596 2500 20632 30356 -1
42072 20599 657 19138 3015 29861 10997 -1
18329 596 19584 732 2584 29686 13003 2471 2715 1416 732 451 10749 -1
1747 2231 1259 21413 2559 9665 2953 35952 3015 8994 -1
13003 -1
35838 -1
3015 34703 1200 -1
44394 2913 13003 3015 29686 3383 18329 1259 13581 27646 32810 8594 32907 3015 14117 1985 13003 3015 29890 13910 -1
34703 9983 21442 14748 12252 3015 21413 27924 3015 26509 -1
41840 41712 2913 2237 2718 612 2085 8594 32451 13003 13894 3015 29759 28826 21579 -1
34616 23669 21442 2913 13003 17018 1277 6987 8853 10640 -1
20818 2000 2625 27924 491 596 25482 7931 44394 3015 35686 12325 -1
21413 8240 8976 16732 3015 50094 1609 2155 1974 38721 2345 32580 34616 -1
42073 50856 739 23542 2471 596 1190 9858 29686 8594 -1
44869 18329 -1
2713 7931 41536 2841 1837 13077 -1
44394 35686 3015 7931 28421 13189 10333 33546 -1
11039 1259 21413 37234 25607 1164 3189 3015 34703 -1
