19980415_0900_0905_VOA_MAN
04/15/1998 9:03:09.32
04/15/1998 9:04:00.93
42588 20714 3015 31036 8994 25467 1985 2913 8994 1815 3276 3015 35244 34749 28421 -1
713 29696 31036 24054 10900 27365 18535 16868 2878 19118 22478 -1
1809 5751 2064 3028 29013 24120 28421 3015 27924 1200 -1
15648 31581 18176 14636 29510 24546 20056 31777 2471 10789 18396 19118 27646 22482 -1
1809 5751 2064 3028 3015 27924 1200 -1
27937 8691 2572 18381 18541 7588 1985 886 1809 5751 2064 3028 -1
2903 14310 25737 33929 3015 25508 29469 22478 -1
27365 26206 1985 1809 5751 2064 3028 30079 2903 2697 1475 3015 47587 -1
27924 1829 2500 1200 -1
10477 1809 5751 2064 3028 30002 27365 2878 15945 3015 657 -1
2718 1416 -1
19382 8107 1200 -1
1809 5751 2064 3028 3015 27365 1259 2881 3596 3844 1678 13149 10789 3015 -1
