19980511_0730_0735_VOA_MAN
05/11/1998 7:31:06.45
05/11/1998 7:31:39.95
23059 16978 2718 29978 8594 2397 3015 7550 40819 2572 19572 48863 596 23743 24022 1374 1099 3015 28723 26147 -1
11787 24583 14177 1259 508 3103 26147 3015 16506 10946 -1
35313 7680 50164 12385 732 596 4332 41214 1278 19153 43444 2572 16761 24583 7570 27087 3015 37628 -1
50164 1200 -1
11787 24310 26103 3015 24041 886 29978 8594 2397 13182 1985 18582 15284 3015 18065 -1
35313 27924 1200 -1
33624 28723 26147 3015 12111 27646 31581 -1
11787 24310 14177 23542 2471 2913 15648 7786 3015 24310 33324 10640 -1
