19980304_0700_0800_VOA_MAN
03/04/1998 7:17:38.30
03/04/1998 7:21:16.69
28536 15025 -1
44394 7680 3015 21241 2572 28039 41840 3015 21896 3615 1688 -1
19093 38486 596 22586 3068 44529 1521 7440 -1
508 2718 3068 44529 20818 596 30802 44394 7680 1259 2801 657 33914 3015 840 27960 -1
3318 28152 1155 2718 1416 -1
28152 1155 1416 332 14084 -1
30802 1259 662 30457 30802 624 3981 1152 3596 24488 3015 -1
3050 1500 3383 18329 1259 8401 3015 8960 -1
13320 36431 21413 37234 25607 1882 1943 596 41840 3015 34703 -1
25590 662 2847 620 35424 -1
596 3068 44529 21189 34033 332 1985 2421 2718 12739 487 8896 -1
19093 2913 25607 1200 -1
1155 18168 26263 1985 15653 3015 13894 -1
14450 3318 3302 18894 1155 3015 8967 3015 13416 -1
3043 1259 -1
36053 -1
30457 30802 624 16031 3596 13502 1985 2291 19093 596 2903 3068 32838 1330 34834 1521 35066 1682 39525 -1
1774 3844 2184 -1
3748 983 3981 2446 -1
19093 9545 34179 1155 16627 34834 3748 985 3981 2446 37176 732 2821 28421 -1
3318 14623 1985 732 991 21896 -1
3043 1259 -1
19093 29223 -1
1155 28155 3748 985 3981 2446 10766 1153 2572 44394 7680 27960 9209 3015 16053 -1
657 1416 8805 44394 7680 2572 2085 985 3981 2446 657 3302 9058 3015 27960 -1
3318 1438 1153 596 37037 12075 3015 18828 926 15348 12129 8967 -1
44394 7680 29223 1985 508 36171 -1
38486 7440 8896 -1
19093 29223 1985 15655 1155 2572 7680 3015 27960 10477 3748 985 3981 2446 16743 32518 1985 22351 3015 16053 -1
19093 1200 -1
20498 457 2378 657 1416 26492 973 2572 44394 7680 3015 10316 -1
1424 973 9715 886 20498 34742 -1
13877 3015 10316 1259 32775 3015 -1
1259 25164 596 13054 7521 -1
12407 2572 19046 3015 25958 1330 -1
7510 18181 -1
24554 18181 -1
21068 739 2500 1259 18181 -1
596 1004 3403 2091 -1
18788 3015 21896 15348 3015 732 2821 12075 3302 332 14084 3015 37770 1330 -1
3748 985 2446 3981 29223 2572 44394 7680 657 1427 -1
18788 1259 1521 44050 443 28021 -1
1153 37303 44394 7680 1200 -1
732 2237 2237 732 1715 -1
31432 2500 1259 8345 3015 44394 11408 2572 1153 30002 840 27960 -1
7680 29223 17586 472 3199 -1
19093 3025 3068 44529 1521 3015 7440 34183 -1
3981 1152 3596 15891 10329 26261 3748 985 3981 2446 3478 3015 27191 13894 17617 -1
9545 1004 3301 1277 7680 332 2620 35066 21896 3015 3311 727 3013 -1
2396 2033 -1
24806 1985 -1
21413 27799 28298 -1
9638 -1
21413 -1
24756 3015 33687 -1
2396 2033 1200 -1
973 18329 13877 906 596 26261 1985 15984 15293 2572 21413 28270 9207 27954 3015 13894 17617 1985 -1
739 2231 1259 -1
1259 2801 3082 596 15684 1155 1416 7440 3015 19450 -1
1259 2801 3082 596 29694 15984 3015 19450 -1
508 1259 732 2718 27976 3015 12385 -1
596 28329 33297 -1
35066 27924 25374 1200 -1
3615 1688 -1
19093 2345 25590 8495 44394 7680 -1
35066 27924 2500 1200 -1
15648 30272 19093 596 3068 44529 1521 3015 8967 3318 3302 31581 -1
19093 35634 38480 25590 596 3068 44529 1521 7440 -1
8726 1774 3844 2184 -1
3748 985 3981 2446 1259 2801 2471 3383 32395 7440 -1
15348 1153 1747 732 29762 3015 8967 -1
20818 2500 49735 -1
