19980311_0700_0800_VOA_MAN
03/11/1998 7:27:01.72
03/11/1998 7:28:21.87
44394 7680 38486 596 457 13589 3015 50081 856 856 1745 1104 1257 33624 1985 732 3103 657 9088 3015 40497 20864 26088 -1
35066 8191 14134 24488 1985 34236 -1
13320 1259 21413 37234 35066 16732 25607 36681 3015 34701 -1
508 3103 20864 26088 596 21896 44649 -1
1490 3981 2024 2397 24022 -1
1490 3981 2024 1259 732 1788 37629 3015 32525 21896 -1
33613 20818 3015 11783 27929 -1
2717 443 37303 11783 28298 20069 3478 20818 21192 732 889 24685 29779 -1
1490 3981 2024 2345 3100 457 26013 -1
21129 8976 25385 7570 28319 34179 27954 1200 -1
23957 1416 23542 2471 16627 10640 44394 7680 596 37191 25150 13894 1330 3015 22642 -1
28516 37191 25150 -1
11783 28298 14881 20069 1374 1528 1944 3445 35146 709 21387 -1
713 21279 644 13529 10369 3015 25731 8635 32919 2878 7448 24989 -1
11783 28298 2345 1806 1246 29942 23392 -1
28319 7570 3015 42680 1200 -1
508 3103 20864 26088 3015 16906 2559 3302 16700 -1
2625 2471 20818 491 596 2231 11783 29964 24488 34234 -1
34802 1259 2801 34766 11783 28298 3302 1246 29942 23392 -1
35066 42680 35131 -1
1045 4195 2800 29223 657 22656 32692 3015 13894 -1
1155 1200 508 3103 20864 26088 644 11783 13894 13805 -1
