19980226_0900_1000_VOA_MAN
02/26/1998 9:31:28.53
02/26/1998 9:32:11.92
50852 31446 653 8407 26273 1985 2913 16519 42999 732 330 25375 3015 23390 -1
596 508 8891 -1
34675 3015 25375 29806 886 31446 14802 -1
34033 16684 1985 2130 1004 18363 3015 1374 1788 25375 23664 -1
50852 27924 1200 -1
31677 657 732 3445 13674 1788 25375 29806 596 24271 34796 25375 8896 14802 -1
21442 39902 15445 26003 16444 -1
3043 1259 -1
29806 1435 2715 25375 9608 11727 3015 15691 -1
50852 46449 2170 3578 1200 -1
31446 3302 2471 9800 18642 1374 612 3015 9874 16743 8402 -1
31432 657 732 1528 961 3445 1788 29806 596 18598 17952 457 9874 19213 -1
