19980403_0700_0800_VOA_MAN
04/03/1998 7:09:45.29
04/03/1998 7:10:36.77
49949 25840 7570 42051 16722 744 2913 42051 8675 9507 3015 8217 18375 44784 3015 10133 34705 -1
15729 38193 25467 1985 45719 3015 8642 28421 -1
38478 15653 48738 3015 35244 32035 2938 25467 1985 -1
644 3107 14893 -1
31446 2500 30175 32582 24271 2572 23873 596 24792 1330 11871 -1
14893 596 8401 31042 35249 1985 3720 2447 1252 -1
38193 29223 33613 1985 20903 44784 3015 12320 -1
38193 18838 25917 42450 38480 14327 596 35932 31045 26166 1985 49949 40819 50017 -1
50887 7689 24267 49949 31446 1200 -1
49949 31446 744 2913 42051 30055 3015 18352 29088 12320 32818 9581 -1
38480 44784 9654 24022 19268 -1
8727 657 16977 1788 49949 1416 596 2713 24271 30002 3015 32692 457 16444 -1
