19980220_0700_0800_VOA_MAN
02/20/1998 7:52:33.17
02/20/1998 7:56:16.97
28536 15025 -1
31817 2938 8918 -1
1416 744 1259 27517 29590 1732 -1
2471 9608 25200 3015 13894 -1
3043 1259 1722 1259 2801 8918 -1
18352 732 2397 28298 739 2471 10900 29590 2878 13109 23145 1732 -1
21413 37234 25607 3500 35600 3100 20364 35669 34703 -1
24628 1985 732 1788 44917 2572 28298 3015 29590 489 333 30524 3015 19448 28039 953 1747 3015 27916 -1
662 2491 3068 1226 35424 -1
21413 1416 13462 25197 -1
33886 -1
1374 2827 479 732 21413 43449 18318 15282 27561 -1
14884 3015 -1
24435 21413 2717 28298 2938 596 33722 18366 -1
12111 21413 28298 18318 2559 29590 -1
13591 31703 35741 19448 8089 3015 24878 2376 19448 28039 953 1747 34179 -1
28298 17179 2587 3015 16907 -1
14232 18222 34272 29590 -1
1155 36667 3015 29590 -1
33878 1259 472 596 23706 29762 3015 47140 -1
739 1259 472 28298 2572 28298 28021 20754 3292 31763 3097 3015 15565 -1
953 1747 1200 -1
28298 33886 1259 1416 3015 7572 -1
18176 13877 2718 1416 18663 1985 2309 31884 -1
1157 596 3015 28298 739 2559 32907 -1
13877 3015 22656 14232 2471 19909 28298 3015 22656 -1
24719 1732 -1
28298 3015 22656 2231 33289 23728 19909 28043 3015 22656 -1
508 451 19909 7542 32518 13894 -1
953 1747 24878 34179 -1
3068 28298 18176 22034 1985 732 2718 13066 28035 16678 -1
9242 28298 2231 15418 18222 34272 29590 -1
34272 3292 31763 3097 -1
12111 42287 29449 18384 34179 -1
19587 20482 1521 3015 21413 19372 28430 -1
1259 732 2718 28298 29590 3015 30931 22646 -1
19587 20482 18316 3015 48246 -1
3293 19670 21413 3015 28298 24488 28928 -1
953 1747 864 2620 732 3379 1237 -1
508 3379 1237 3015 21006 2308 -1
29590 3015 19448 -1
1155 1200 -1
16678 34265 615 2115 -1
24187 615 3068 -1
28298 34272 29590 3015 41151 2231 615 876 -1
1155 13023 -1
13066 2085 1200 -1
21413 3015 30883 28430 2231 21442 29590 3015 13894 -1
953 1747 1200 -1
2737 25674 12285 30218 3302 18222 34272 29590 -1
732 2718 30883 10624 17231 1333 -1
2231 3302 18222 34272 29590 -1
29590 1259 22034 3015 24719 -1
43762 -1
25419 36784 28298 3015 33523 13434 12337 22034 -1
1747 2231 2471 31308 29590 -1
10900 596 20754 18828 926 -1
28043 3015 22597 2231 3068 3068 2999 12882 1985 -1
3043 1259 973 23931 -1
33890 16875 12285 -1
8769 657 15281 510 -1
2231 25697 44114 34272 29590 -1
953 1747 34179 -1
21413 3068 28298 14970 16844 8439 28928 25634 -1
11070 596 29590 29762 45111 -1
3043 1259 1155 23677 -1
596 28928 2535 26273 1985 25200 3015 28298 -1
24316 653 23728 2872 2786 1985 -1
953 1747 34179 -1
28298 2872 2786 8896 -1
21708 23542 2231 2471 24794 2878 2085 -1
508 2718 16907 -1
28298 10705 28022 855 3015 27896 18366 -1
953 1747 1200 -1
9207 1269 28298 25251 7630 3015 -1
14982 1259 1157 28022 3015 855 27896 34933 -1
855 3015 27896 34933 3302 2471 1773 1250 32906 -1
1722 18176 9613 1308 596 13434 457 -1
744 8288 19692 508 2718 13434 2717 33447 3015 13966 13474 -1
2345 1259 1738 2533 1551 1738 -1
953 1747 1200 -1
1424 28298 40948 -1
644 1424 18379 40948 -1
1259 732 754 31265 -1
732 2958 744 25624 31457 1259 37899 29590 19486 3015 -1
744 16901 24261 -1
29696 28298 12337 392 1396 -1
