19980315_0700_0800_VOA_MAN
03/15/1998 7:16:43.65
03/15/1998 7:19:08.57
39719 26455 7570 27647 27070 13434 11047 1312 596 20364 3015 8594 18391 7570 30066 34698 8813 -1
8594 17993 28459 3015 18402 19308 28421 -1
10477 27896 33840 2878 23142 8394 -1
22181 26492 17993 31907 1259 2801 20537 44012 961 1715 8896 596 36109 4141 1206 -1
8594 29013 17993 18402 19308 28421 3015 27924 44935 2777 16677 2757 643 1583 38483 29223 19308 28421 657 11727 13894 -1
13320 1259 21413 37234 25607 764 3206 3015 7713 34703 -1
27647 27070 13434 2572 8594 18391 7570 -1
28516 39687 2397 964 1788 3015 30802 30066 3015 508 2821 34698 1200 -1
961 3015 8896 739 2231 1259 3025 50862 -1
2500 2471 657 44746 1416 25737 19308 3153 17993 36109 -1
3043 43045 1435 3302 2471 657 7612 3015 7874 2085 14364 37191 28421 -1
28516 964 1788 24559 732 612 3015 30802 34698 -1
17993 31011 732 3445 3462 16973 24054 3015 19308 28459 10477 18501 31076 -1
27924 29122 -1
12132 16261 -1
27896 26103 -1
18541 7868 -1
15795 9919 21442 32009 10022 3015 11408 -1
44935 29013 18402 19308 28421 3015 2777 16677 2757 643 1583 18329 -1
508 2821 34698 21442 16737 28516 -1
2757 643 1583 34179 19308 28421 1259 732 889 25328 3015 18345 -1
33886 -1
2997 732 24782 3015 19308 28421 11070 16072 14364 -1
1155 1200 -1
43243 11116 3015 17221 16145 2938 3367 11041 10340 15349 -1
27946 3015 8594 1407 3401 38483 34703 1200 -1
3025 20818 14122 657 16973 1416 1527 357 -1
33886 -1
34703 32810 8994 31929 3455 732 3298 2821 1416 19308 3025 41936 1294 2572 12524 31011 3015 25634 9652 21110 31076 -1
27647 27070 13434 2572 8594 18391 7570 38480 34179 -1
19308 28459 23542 2471 31308 23873 2572 33796 34926 3015 24054 30002 32692 -1
10798 732 3237 9733 -1
732 991 13125 27924 886 34698 3015 7441 14748 -1
43045 18176 8994 25374 44012 596 16163 4141 1206 -1
23542 34364 30553 23873 2452 8675 1416 1004 3015 26919 2085 19136 43071 34930 -1
8594 8994 25634 668 732 1528 709 627 39918 2085 35261 33949 11116 -1
3043 1259 -1
34698 8813 -1
508 3365 1523 31892 2821 2273 1985 31453 27924 3015 15999 -1
44935 2777 1257 2757 643 1583 34179 -1
15742 596 28459 3015 32604 32518 1985 7874 27896 33840 3015 18828 -1
3043 1259 14970 11742 25385 -1
13894 11070 31225 1985 32451 -1
11039 1259 21413 37234 3015 7713 34703 -1
