19980511_0900_0905_VOA_MAN
05/11/1998 9:03:28.72
05/11/1998 9:04:04.09
21413 27924 13325 -1
15015 20896 2064 12340 3015 33992 -1
29618 -1
596 508 8891 15648 29992 508 2045 29618 3015 10415 30862 657 31792 20964 3015 13149 -1
33992 -1
40238 29618 1259 16761 1330 341 39440 3015 40238 29618 -1
21413 22586 27320 3971 3015 508 3022 21005 17449 -1
2387 596 21413 9781 3015 33992 -1
29618 -1
21413 22586 27320 3971 1259 596 29992 732 870 33992 -1
29618 3015 30862 34668 596 41259 14441 8896 7469 37191 23926 3015 -1
