19980302_0700_0800_VOA_MAN
03/02/1998 7:33:53.57
03/02/1998 7:34:26.49
46835 24271 668 2255 2628 -1
50064 2572 39376 -1
18674 596 2155 1159 4072 1294 24022 16781 3015 35915 1788 50852 7602 -1
40434 1200 -1
3037 16781 18501 1114 886 2155 1159 4072 1294 16517 1565 2033 1277 2998 1745 3015 876 2303 3015 16907 -1
24271 20252 15648 -1
2220 34703 -1
657 2421 2718 1416 16444 -1
24271 596 33676 508 3103 12320 8891 -1
2155 1159 4072 596 508 2718 8363 30002 1985 42779 341 11727 3015 8446 34670 16743 -1
8727 657 -1
2718 1416 36512 -1
