19980507_0700_0710_VOA_MAN
05/07/1998 7:02:40.88
05/07/1998 7:04:02.19
41571 22581 16507 26920 20219 1985 14636 35634 24559 19584 24488 18598 31704 3015 41151 -1
26920 38480 596 21569 1200 -1
12037 3015 7931 28421 491 596 9060 24488 -1
3302 10702 14636 14798 -1
26920 33948 1200 -1
18176 19584 30081 22081 3015 14798 33852 18172 24488 -1
1155 3015 8994 2345 25590 8824 -1
8857 50862 24488 855 3015 12037 14122 -1
26920 18642 30055 9000 -1
32874 41571 1007 732 3015 39071 -1
21413 2572 19571 27646 732 476 596 886 26920 46608 -1
1424 1155 24022 7764 2572 28274 3015 12037 -1
26920 3379 12385 37157 16907 2572 3383 2831 6999 3015 41571 1521 22581 16507 44410 19012 1078 1985 30899 -1
1259 15648 1282 2718 612 2085 3015 16520 15546 -1
596 9249 8896 -1
44410 19012 26763 1155 22214 3015 50092 3035 15000 31076 25775 -1
10477 31076 12320 -1
10951 13812 2913 10369 12037 3015 22637 24488 14798 -1
596 508 14893 -1
26920 20219 1985 2913 33578 3015 50117 10400 19126 1659 40819 28528 31749 3015 41151 -1
3043 1259 26920 1200 -1
3455 9242 1416 24993 18598 2452 27647 29938 3015 18352 12320 2938 10702 3012 3025 19584 2378 41571 31704 8896 24488 -1
