19980524_0700_0710_VOA_MAN
05/24/1998 7:06:49.74
05/24/1998 7:08:12.86
38449 1416 7931 1004 2997 30089 10951 12037 24488 14798 -1
508 3103 12037 2345 23926 1259 2801 1424 8824 3015 17442 31399 597 25590 8824 1190 1715 -1
38479 3015 12037 14798 2345 2197 3153 1374 3445 43981 2718 10945 -1
2000 2718 12385 1521 3015 2997 732 1898 14798 24719 13182 -1
13153 7689 2450 2879 22214 3015 38449 39689 -1
21844 22192 651 8217 457 2378 1603 655 29861 31401 18964 21108 44941 22572 -1
42152 1829 1200 -1
2000 1659 3015 24188 47118 -1
10907 -1
15648 457 3015 18352 732 2718 2938 657 23542 596 10951 457 32445 22192 31000 -1
508 744 18657 651 15648 2572 19572 31401 7570 24723 3015 22572 3015 18828 -1
18176 21442 31401 2452 22572 10654 10951 3015 30218 -1
2231 23542 596 24559 36770 16907 24022 855 3015 12037 -1
10303 3015 30457 12753 2572 28319 3035 596 2997 732 1898 3015 14798 457 32445 2997 1374 991 -1
1155 11070 3100 8946 18964 21108 44941 22572 3015 43983 2718 31011 457 33034 1985 2764 3035 41888 -1
38449 39689 368 732 2237 2237 1190 1715 17579 11045 -1
14970 12883 27646 33929 11047 9081 38308 8691 2085 28952 24310 -1
32148 26014 1985 16761 28541 3015 27269 -1
3043 1259 9242 32035 1157 9608 3015 23142 32081 18396 8068 8946 42655 -1
