19980603_0700_0710_VOA_MAN
06/03/1998 7:08:34.37
06/03/1998 7:09:05.36
29953 27320 28298 3015 42577 22525 2997 1374 1099 35093 -1
31622 42577 3015 28451 24267 1200 -1
23542 2471 24488 33227 3015 30524 33711 24702 508 3103 35093 -1
28451 40819 1259 596 38486 2997 732 1898 26155 19684 -1
34033 21442 27957 26155 18663 18352 24485 3015 34703 8896 -1
30059 17586 24267 3015 -1
29953 27320 28298 644 28451 40819 38481 25590 24022 15544 -1
2500 657 732 2718 12385 16761 3396 7609 41399 24073 596 29953 24022 -1
