19980613_0730_0735_VOA_MAN
06/13/1998 7:32:23.70
06/13/1998 7:33:00.06
50846 2572 2884 2022 15404 4165 2000 2625 18804 39051 7680 3379 3500 2035 32554 12619 30787 3507 2884 2000 2625 3015 34333 9099 -1
39051 27924 34179 -1
2000 2625 15397 38478 596 39051 29525 26166 1985 3379 3500 2035 7680 -1
3318 886 1155 8071 1985 2000 2625 7680 3015 18804 -1
39051 13502 50846 2572 2884 2022 15404 4165 2000 2625 24806 29626 1072 732 7570 1330 2718 12385 3015 23914 -1
37191 23914 11408 2000 2625 22631 15012 3100 657 9088 3015 31011 33030 -1
34033 14146 26538 34333 13894 9471 15544 -1
