19980319_0700_0800_VOA_MAN
03/19/1998 7:26:16.72
03/19/1998 7:28:59.05
28536 15025 -1
21413 3015 732 2718 22994 18623 7570 -1
38481 28361 1985 732 2821 34698 -1
8790 8594 1004 21413 25487 29174 3015 28461 2033 -1
3082 596 34782 28439 3015 13149 -1
13320 1732 36431 21413 37234 25607 35581 35669 3015 7713 34701 -1
15998 7866 3015 18598 22994 38925 -1
596 732 2821 34698 457 19963 -1
1004 21413 28298 17231 29174 3015 30081 732 2397 8594 28461 457 -1
657 20271 28439 3015 13149 -1
508 2718 38925 3015 42450 2148 1747 2604 38481 8813 -1
508 2718 7570 596 8594 3015 2421 1788 11726 18366 -1
7546 24488 3015 30802 29992 -1
9242 28461 3015 22994 18828 -1
644 19433 22987 13076 13799 -1
1155 1200 -1
13877 29992 28439 1829 744 34542 25493 -1
1838 12385 28421 22075 465 2237 16978 2718 12739 -1
44869 36248 28421 1944 3025 36379 -1
1838 34944 3073 1282 3025 16972 2718 12739 -1
28439 732 2718 12739 3015 28422 8768 -1
3025 -1
1837 2827 -1
2500 33893 14117 19483 3015 17221 -1
30133 21442 18352 29153 34743 -1
28439 1829 3015 18623 3383 34786 1985 -1
2148 1747 2604 34179 -1
9242 8594 28461 1004 21413 732 870 21026 29174 28298 17231 33328 -1
1551 457 34802 -1
2297 953 1658 3844 -1
5692 2148 -1
15595 -1
2034 376 -1
23516 3405 2572 1882 1464 3012 -1
18598 22994 38925 37157 16907 2500 567 19963 2620 -1
1004 21413 31708 22249 17715 4072 1882 1109 17231 29174 3015 48439 28461 34782 28439 3015 18828 -1
10477 20757 28461 17231 3015 29174 1259 668 21413 42911 44940 3731 953 1815 2433 2800 3020 3015 21006 32528 3015 -1
10907 2764 38925 19963 3015 18828 10798 1985 19138 3015 23626 -1
2148 1747 2604 8813 -1
47953 -1
15648 2500 1259 29992 657 732 2397 8594 28461 17231 668 3731 13567 3015 21006 32528 3015 19948 -1
30133 1747 2397 28461 3015 18828 -1
644 48439 11945 28461 3015 18828 16982 13028 -1
18598 22994 38925 886 2625 2471 3195 2330 1985 657 30081 13672 1788 21413 11993 22571 19299 3015 40003 -1
26763 8674 29978 8594 2397 11945 28461 3015 18828 -1
37157 16907 34701 457 36708 3015 732 870 21413 28298 2572 8594 27924 -1
567 29223 10369 8594 28461 34782 28439 3015 8790 -1
5692 2148 868 3230 34179 -1
2764 38925 3015 732 870 1416 -1
18642 739 28361 2620 732 2821 34698 -1
18500 34698 457 1157 15547 3015 18828 -1
3318 3302 16318 -1
