19980326_0900_1000_VOA_MAN
03/26/1998 9:06:11.16
03/26/1998 9:06:58.54
36961 31011 30218 28069 16678 38480 13353 -1
3043 1259 30628 2572 50354 3015 28071 25744 36532 -1
9999 1259 10087 2471 657 32188 24310 9567 3015 855 32035 -1
30628 1407 2257 28069 47161 36532 2269 2000 2718 44084 -1
713 -1
2989 444 16590 -1
18316 3015 -1
7713 8797 17554 -1
713 -1
16590 -1
27352 -1
13003 -1
41682 -1
21569 -1
40635 -1
38522 -1
13499 -1
15625 -1
21302 2572 17639 2670 -1
1259 2572 17639 28071 13353 -1
3043 1259 41764 3015 28071 36532 -1
50127 35424 1027 1985 -1
