19980508_0700_0710_VOA_MAN
05/08/1998 7:07:01.38
05/08/1998 7:07:32.84
21413 7680 44394 30258 38193 2572 49949 1200 -1
744 8123 25915 26273 2572 1135 -1
44394 7680 596 44049 4208 21413 1416 22190 26147 1330 30066 11629 3015 16907 34179 -1
41840 3302 2471 739 44114 40063 457 2955 2572 732 2718 24685 29779 -1
1155 21413 20818 34834 10369 2717 2847 9884 732 2718 9353 1269 15648 20537 23728 7548 31000 3015 15544 -1
596 21073 3015 508 2718 612 18587 24702 508 2718 13894 -1
21073 508 2718 612 1259 16231 1157 8694 3153 3015 39541 -1
