19980612_0700_0710_VOA_MAN
06/12/1998 7:07:39.04
06/12/1998 7:08:16.06
50846 713 27646 35244 1004 22743 13325 18672 732 1615 2884 2022 15404 4165 1416 -1
34033 8464 1985 22185 732 870 2884 2022 15404 4165 1416 -1
596 30859 737 3012 21106 12285 3015 28421 -1
2000 2625 20818 30002 34332 32692 -1
1246 37191 18672 1954 10640 3015 1416 -1
34802 2884 2022 15404 4165 8989 18384 -1
11047 732 870 3383 8805 1004 25352 3015 18384 -1
2884 2022 15404 4165 38478 8959 2764 2625 3015 37870 -1
38480 26955 1985 50846 32928 3500 3578 2724 2091 1109 -1
50846 8790 1200 -1
37870 2447 457 1985 40205 -1
