19980604_0700_0710_VOA_MAN
06/04/1998 7:08:19.62
06/04/1998 7:08:54.45
21413 29992 2584 27317 29618 35634 38480 2572 42763 2572 1583 2584 44400 35656 -1
906 596 29992 2584 491 596 886 2572 1583 2584 23588 -1
29992 2584 1330 3015 1944 1788 44874 491 596 17432 20219 15197 17056 2572 1932 1206 508 2000 2718 876 3015 25674 28047 -1
3043 1259 -1
21413 10179 2226 27924 1200 -1
508 2000 2718 28047 3302 2471 29694 29992 3015 8217 16796 -1
1747 2231 1259 2715 2572 1583 2584 9784 732 1615 28378 -1
3318 2305 2480 21413 44874 39009 -1
