19980223_0700_0800_VOA_MAN
02/23/1998 7:15:45.22
02/23/1998 7:17:20.36
38208 13703 25312 10789 3015 14177 3015 855 24485 -1
1269 43662 31011 16464 10640 37336 3015 41168 33324 1985 33828 3015 29835 -1
41168 18319 3302 12407 38208 40819 39857 -1
13320 36431 21413 37234 25607 3314 25815 3100 41168 3198 35669 3015 34703 -1
662 1304 2542 2482 35424 -1
41168 8217 44049 983 34677 -1
7597 3401 -1
596 14786 3068 366 34208 457 34703 -1
39857 14881 1985 -1
7548 744 2171 21413 34176 1985 -1
8976 3401 -1
3015 14786 34208 1259 -1
39857 24806 1985 -1
24554 19303 12620 -1
35822 41168 1416 18318 34179 26492 -1
34703 19636 9983 8912 33154 18391 18384 -1
3507 3596 -1
3500 3540 3073 2033 3015 26509 -1
32011 12620 33878 3302 2471 44870 1238 2291 41168 3015 24536 -1
30133 1269 41168 18395 28826 24560 3015 14172 -1
10900 39857 1259 41176 3015 -1
2572 -1
1715 38208 19033 41168 -1
1004 41168 18395 31632 3015 32339 18318 1259 17344 2878 14832 3015 -1
34703 1200 40889 40526 35251 15891 18663 1985 32907 -1
508 2718 12852 1259 596 38479 11328 15045 -1
35822 1416 1259 596 24554 9620 3293 8918 3015 -1
38415 2572 19448 2288 3015 32612 29835 1259 -1
15648 2913 38208 1259 2801 7517 12620 34179 25804 3015 26492 -1
41168 732 2397 34677 23691 3015 732 1604 13925 10076 -1
8464 31438 14177 2345 1004 41168 18395 596 39857 14839 926 -1
31632 28488 3015 14832 -1
13925 24709 1200 -1
39857 34364 13306 -1
