19980303_0700_0800_VOA_MAN
03/03/1998 7:21:31.68
03/03/1998 7:25:10.77
44394 7680 3015 15397 38486 26151 1985 50354 7680 15427 10752 3015 24310 14177 -1
21413 37234 25607 39009 3100 38383 35669 34701 1200 -1
21413 18329 24310 28952 1259 10752 24685 24310 13894 3015 1007 732 14693 -1
13320 1732 36431 12955 3015 20568 662 15156 35424 -1
10369 27924 1200 -1
44394 7680 3015 15397 1521 42471 1826 35581 29636 21072 2999 28628 39279 7680 10752 34364 24488 13247 32812 3015 24310 28952 -1
1826 35581 2572 39279 7680 596 38383 3015 7680 8163 2033 26151 1985 24150 29437 -1
10369 27924 1200 -1
2000 1416 24488 1985 17998 29437 15994 24973 -1
10752 491 9651 4348 11727 24310 14177 3015 9264 -1
10752 25995 2905 596 2421 2718 612 3015 16904 2033 -1
34295 -1
26155 24702 2535 -1
1826 35581 21442 14748 15427 3015 12955 20568 -1
3043 1259 1155 1200 -1
10752 34364 24488 24806 27647 25995 25944 7570 1190 3445 17998 709 21387 14346 25634 1278 1157 32812 3015 24310 28952 -1
1826 35581 1200 -1
973 19153 1985 44394 7680 3015 23676 -1
1747 2231 1259 26273 12399 3015 8535 33754 1259 18587 -1
21072 2572 25878 2999 9471 27647 25995 25944 7570 11408 3015 28952 -1
8768 9241 33711 1269 10752 657 26273 24583 13910 2572 24310 9567 3015 7549 3015 19264 -1
508 596 19572 27646 33324 1985 12650 -1
27536 1732 596 10752 739 33324 2620 12650 -1
18176 18587 21739 508 451 7488 2500 2471 9715 3015 33324 12650 -1
10752 32812 744 24488 3015 28952 3037 457 -1
34802 24675 662 39279 3015 25516 2572 19993 10609 3015 3068 33697 -1
39279 7680 2913 1826 35581 405 1227 1985 12401 657 1277 6987 29835 -1
20818 2500 49735 -1
3043 1259 39279 38479 596 732 2718 15418 12037 38925 1330 25079 1278 8813 -1
10752 2345 24488 27647 25995 25944 7570 11408 3015 28952 -1
33886 1155 33948 1200 -1
10752 12133 30175 3015 32035 2085 11852 8947 10752 25995 -1
39279 3455 508 451 32035 43459 27647 25995 25944 7570 3015 28982 32035 -1
39279 21442 23979 24674 508 1551 457 3015 27402 -1
3043 1259 14452 29449 18384 18329 -1
1155 472 3015 23542 1259 25164 732 2718 25995 38925 2085 13910 10752 2905 -1
508 2718 8211 10789 1985 9088 -1
13581 27646 2572 27647 25995 25944 7570 29861 9241 333 -1
18329 25164 9241 732 2718 21485 3015 25891 3015 15128 2500 3302 32882 -1
13581 38985 12852 18384 1200 -1
25164 25995 38925 39530 2345 32874 15648 36667 3015 27647 25995 25944 7570 25245 32035 -1
10900 9241 333 2471 10640 27647 25995 25944 7570 11408 3015 28952 -1
1826 35581 596 25348 36708 25995 38925 13894 1278 8813 -1
21442 18352 34855 20537 11852 24685 10752 3015 24310 14177 -1
1826 35581 1200 -1
13877 18329 26429 10752 11727 3015 25995 14177 3015 14693 -1
2231 1259 24685 31308 10752 2905 36348 3015 20757 28525 10901 -1
49505 21442 1277 6987 19572 3015 34855 20537 11852 24685 13894 -1
39279 7680 1259 3148 28142 3015 41238 1894 11037 -1
16761 1330 8824 16904 341 3233 3015 40819 -1
12037 38925 45978 2345 1259 39279 23728 1155 2997 1555 2718 -1
1715 7680 18347 -1
