19980403_0900_1000_VOA_MAN
04/03/1998 9:39:09.45
04/03/1998 9:43:33.18
21413 414 8594 31744 1329 1761 2297 34179 -1
44394 7680 24559 22071 29686 8594 1278 -1
23542 2471 18651 21413 368 43990 39153 16743 11045 2913 8594 1157 16844 3015 8697 -1
32193 13003 27924 34179 16982 13502 44394 7680 596 19584 732 2584 739 2231 1259 13003 26253 8594 9066 732 8362 3015 16907 29686 13003 -1
13320 36431 21413 37234 25607 1164 3189 3015 34703 -1
21413 414 2515 31744 1329 1761 2297 3379 12385 596 20364 30066 25079 1278 14748 -1
44394 7680 24559 22071 29686 8594 1278 -1
2000 2625 2345 19303 732 870 12620 -1
3043 3302 2471 30066 2997 1190 2718 22581 28363 -1
596 15547 21413 1259 2801 2471 18651 368 732 2237 43990 39153 16743 11045 2913 8594 1157 16844 3015 8697 1278 -1
1329 1761 2297 1200 -1
44394 35686 1278 657 23542 18651 34802 24692 13703 24468 596 1730 3015 15653 8697 -1
13003 -1
50249 -1
34703 1200 -1
1329 1761 2297 7546 596 21413 11787 12626 3015 960 3285 1330 -1
713 -1
3100 1416 3068 26147 3025 13359 28723 26147 -1
21413 644 8594 24559 3015 27960 -1
1004 1103 30066 11629 -1
1155 596 11629 5115 26263 25607 15329 1278 14748 -1
21413 596 44394 7680 35686 1278 -1
18651 2913 8594 3015 8697 1259 23542 3015 -1
368 20483 11045 -1
21413 21429 33905 657 34703 1200 -1
12282 31446 10329 18651 596 732 2237 43990 -1
36194 -1
16743 713 5115 2913 8594 16844 3015 28534 8697 -1
3043 31581 2625 2471 2471 10789 19138 29838 -1
33886 -1
1329 1761 2297 8813 -1
906 596 2625 2471 3015 18828 11070 30002 34265 -1
2997 732 -1
2625 2471 3037 457 657 1985 35822 855 3015 21193 -1
2997 2875 1259 2625 26147 624 2913 8594 3015 7971 657 1985 2710 2903 3015 1985 2291 -1
15648 596 1985 2291 8594 3015 16852 18828 713 5115 -1
27916 28482 19782 1985 -1
1329 1761 2297 14748 -1
18642 29686 8594 3015 21413 2625 26147 624 33144 732 3445 1416 -1
2500 34179 13502 8594 7689 432 36482 24559 18767 3025 21413 2085 29686 -1
13003 36272 3015 34703 1200 -1
2625 2471 7546 713 3302 2396 34189 3015 29759 20915 44394 7680 15357 3015 8594 15000 16408 41969 3015 34742 -1
1004 2000 2625 2572 1583 27199 27087 3015 13095 1188 1985 3420 -1
13003 10723 3015 -1
50165 -1
34703 1200 -1
23606 3025 21413 27628 3015 8976 13151 -1
18651 1768 732 31531 8697 596 21413 2471 657 35822 3015 9088 -1
18651 15653 3015 8697 25697 1259 44114 3015 -1
15742 16464 23059 42289 37953 3068 3015 11845 -1
3043 1259 35066 2500 1259 16982 3302 9914 29662 508 732 23542 10640 8594 18391 13894 3015 16565 -1
21413 596 508 29762 1157 1291 3015 16565 11070 3302 2903 1985 -1
21413 19090 11787 47642 27647 27960 934 42483 1022 2837 1974 1200 -1
20818 39530 35822 8697 11070 1259 44776 3015 1985 -1
15654 -1
25714 18608 18651 -1
739 3302 2471 22181 28826 32791 -1
3043 1259 8594 20818 18318 1259 42234 8824 -1
596 25463 29942 3012 29762 3015 35822 13095 -1
744 18608 18651 8697 18318 1259 2559 23142 3015 -1
596 8976 1330 29288 739 2559 3068 -1
1155 2500 1200 -1
906 596 39530 44394 32451 8594 13894 3015 10261 11070 13069 23228 1985 -1
596 41536 29686 21413 5115 3015 2421 2718 612 -1
21413 596 2913 1145 -1
18391 3012 35822 8439 13894 1330 2938 11070 32518 34265 -1
10900 596 21413 508 732 3347 13877 35822 1416 596 14628 508 2718 28957 -1
21413 35655 8999 10333 28957 -1
1747 6987 7546 508 2421 2718 612 23669 -1
3100 41536 8221 2841 1837 713 5115 -1
12111 34265 11070 596 30002 1985 -1
34436 2913 1145 8999 -1
2913 8594 18391 13894 3015 19971 -1
21478 13894 -1
2576 12628 3012 3012 2717 29762 2938 596 34265 -1
44394 19573 23526 332 35822 35822 -1
3043 1259 1155 657 732 2989 -1
1155 34364 744 23606 3025 21413 27628 2913 8594 15655 18391 13894 2086 -1
8976 21109 13894 2086 -1
15605 13894 2086 -1
39653 13587 13894 -1
21413 27628 3015 19971 18318 13069 3015 891 -1
10481 21413 3015 21429 -1
8231 21429 596 508 29762 46235 -1
657 2559 3068 3015 10640 -1
7448 732 2718 21413 3015 8987 43619 23606 9242 -1
31851 13095 23542 1259 508 29762 -1
33886 1722 28797 1200 3015 2913 -1
41712 1259 25348 840 3015 -1
744 1200 657 2903 3068 8853 840 3015 10640 -1
739 3302 1259 2559 3068 -1
3043 973 892 44394 1155 1259 732 2718 3383 21413 1416 18329 1259 732 2718 8976 1330 1259 732 2718 29636 24740 3015 37775 -1
29636 2952 8976 3015 1416 -1
15654 1155 732 2958 2471 23606 3025 9242 27628 3015 10640 -1
15654 1155 3302 2471 14353 29669 16559 -1
