19980624_0700_0710_VOA_MAN
06/24/1998 7:06:22.56
06/24/1998 7:07:14.96
40455 29013 27320 3015 27924 491 596 2913 732 2387 12710 29618 596 40455 34628 7935 732 1261 24488 30802 -1
508 2718 16743 9608 40455 21429 32397 29432 -1
1200 1259 596 1077 732 31011 30002 1985 732 1542 28488 3015 23436 16747 -1
31446 1200 -1
37186 1210 10787 49029 31308 1374 1788 32844 36512 -1
3043 1259 40455 30868 34703 1200 -1
732 2387 37149 35146 1416 3015 34803 7935 -1
40455 9785 33750 1200 -1
40455 3015 732 2397 30868 38486 34703 1200 -1
657 2387 34803 45977 -1
3043 1259 3318 21442 18352 25852 16045 657 17025 3015 29618 -1
2220 508 2397 30868 34703 -1
37186 34803 596 7935 1521 -1
491 596 3100 39227 3015 30415 17107 1882 3926 1109 2079 29605 1551 1036 1036 -1
1882 3926 1109 2079 31446 1200 -1
38486 21442 1333 668 29618 22771 20768 19233 1551 1036 1036 -1
