19980527_0700_0710_VOA_MAN
05/27/1998 7:07:06.27
05/27/1998 7:07:46.94
38208 2913 40889 16509 13703 35814 42450 3460 1109 2057 15357 3015 38208 901 3274 29632 13703 3015 8805 10198 29223 -1
3460 1109 2057 1200 1155 2345 886 40889 44022 15343 25377 29618 20228 3015 9304 -1
9304 13182 1985 38208 10771 14166 13703 3015 31042 -1
38208 14468 1200 -1
9242 8805 1259 21442 28516 3015 -1
3460 1109 2057 45978 2572 44022 32861 23759 -1
3460 1109 2057 1200 -1
1155 9244 333 1259 31585 732 870 29288 -1
10900 38208 23542 2471 16627 32075 14713 1330 13182 3015 13703 -1
2878 3455 19571 3015 13703 10771 19486 -1
