19980628_0700_0710_VOA_MAN
06/28/1998 7:05:16.14
06/28/1998 7:05:55.33
596 2148 1109 3578 1036 -1
24115 18366 1408 596 19233 732 2387 17045 29618 33589 3015 1157 596 2999 -1
37186 29618 1259 596 3500 3367 1424 28980 7935 3015 -1
31432 40889 29013 44026 13894 3015 15397 3388 742 596 37186 29618 1330 -1
40434 1200 -1
37186 1210 10787 29618 38478 13286 3015 16907 17059 -1
3318 596 379 2999 1278 34650 -1
37186 40889 29618 1330 8727 657 1555 2718 1416 -1
1155 1259 596 7892 1521 17025 3015 -1
24115 18366 596 2136 457 23677 29618 3015 33589 -1
3043 1259 1689 955 1269 15648 13812 3025 32530 13164 1448 -1
