19980305_0700_0800_VOA_MAN
03/05/1998 7:07:16.56
03/05/1998 7:08:15.47
8594 7689 22738 596 8594 18598 18395 31622 31821 3015 23740 2471 1330 332 1985 8994 34698 -1
15357 1985 24354 20141 3015 27646 27937 25917 3015 25634 -1
22738 38480 2913 18598 1416 3068 31622 12085 25634 -1
2231 1259 3455 42072 3015 3298 -1
38925 3015 7683 3100 20818 3015 -1
2718 25245 3025 -1
2718 -1
22738 2500 26763 36246 3015 24310 9567 -1
24488 24583 28952 11047 596 25674 2572 25958 17428 29762 24488 14787 -1
508 3103 14128 -1
1099 3015 18598 1416 3068 26147 3015 8401 12928 479 732 1259 9024 18349 18347 -1
1715 3015 855 3015 28710 40819 -1
10092 -1
25722 24702 7689 18347 3015 22738 2345 24803 25634 14572 3015 19091 32874 1416 3068 44134 38926 -1
1715 11045 3015 8594 24310 41268 432 36482 657 23542 3383 18349 24803 22738 31582 42072 7689 -1
