19980610_0700_0710_VOA_MAN
06/10/1998 7:00:39.15
06/10/1998 7:02:27.66
50354 7680 2619 34452 13325 16684 16978 1788 37776 -1
3148 1985 732 2718 1416 11037 -1
2938 1259 42875 1416 -1
50354 46449 1759 36117 1200 -1
9242 37776 457 657 732 3429 31225 31749 -1
22185 732 3429 1416 3015 7535 3383 18651 -1
2619 34452 38486 1200 -1
18176 40165 2572 40889 32810 10752 10609 42875 3015 22194 8229 -1
1155 7931 16684 43243 3015 42875 37776 -1
2150 1259 2619 34452 1200 -1
38383 8994 23526 23606 16684 38085 40819 2671 3981 3810 -1
2150 1259 8768 596 7448 7548 8976 24685 732 33748 3015 18828 926 -1
3293 2471 9241 332 -1
10752 7680 2619 34452 2500 15357 -1
744 28527 42875 15418 31000 713 26416 2572 1583 -1
2150 1259 1155 1200 -1
42875 3302 2471 31225 8976 44955 -1
906 596 2500 3302 18894 42875 2345 2471 31225 1277 6987 754 3015 15396 31000 -1
22106 27441 3015 42875 40819 2091 1773 3981 2450 1152 24002 1985 2619 34452 3015 508 2718 15325 -1
2091 1773 3981 2450 1152 1259 -1
1715 40272 2572 1583 2339 3015 44298 479 732 -1
42875 732 870 17439 3015 40819 739 24002 2619 34452 3015 15325 -1
1521 10944 23800 3981 2184 2066 1200 -1
10702 1424 42875 1416 14798 23926 7807 3015 19235 -1
10752 596 -1
1715 18126 1521 40165 37744 42875 -1
732 1715 11048 2345 42875 14568 -1
2150 1259 40889 3302 32810 10752 2913 42875 3015 22194 8229 -1
