19980616_0900_0905_VOA_MAN
06/16/1998 9:03:55.76
06/16/1998 9:04:29.30
40889 44022 34189 14970 -1
3455 50044 28278 7570 21893 3015 414 35429 14117 2572 1583 33749 3015 16796 -1
11714 732 1715 -1
44022 2500 3455 25385 2572 11858 31036 24271 3015 2837 23840 840 27647 15418 28421 347 3015 16796 -1
11714 732 1715 -1
1003 2572 33749 2572 15418 28421 347 3015 16796 37134 596 508 2718 612 31297 -1
40889 44022 2500 24267 35429 31446 1200 -1
1004 15648 15348 3015 27647 24310 9981 2345 28516 15648 596 8828 35429 2572 1583 15119 29762 3015 27087 15565 2572 25878 33613 3015 32838 -1
