19980625_0730_0735_VOA_MAN
06/25/1998 7:32:05.00
06/25/1998 7:32:47.64
50354 2572 27647 25995 25944 7570 19303 1985 732 889 855 3015 12620 -1
713 26273 886 38383 30051 1190 3445 732 16970 21387 3015 10700 31602 -1
855 12620 1200 -1
10752 1412 12133 1190 16970 3025 1944 16970 21387 3015 30175 27647 9981 -1
14893 9800 10752 8994 1004 16868 2572 18495 15348 2710 2903 3015 33929 -1
508 732 12620 3015 25958 1259 2913 24559 10752 14964 40231 2345 33144 3445 2827 479 35146 3015 10100 -1
27647 25995 25944 7570 24559 13663 596 38383 32518 34667 8896 -1
9671 15000 16844 10752 10700 31602 25634 -1
