19980305_0700_0800_VOA_MAN
03/05/1998 7:40:42.58
03/05/1998 7:45:25.06
906 596 13877 2085 1004 28536 34701 21413 42072 596 24559 732 612 39821 28361 3015 18391 34698 457 10369 15605 3015 20568 -1
40944 -1
1715 2737 1596 31424 15605 7680 8896 -1
15605 14364 1985 886 23771 -1
21109 8691 3015 27564 -1
40944 14893 739 1259 42079 8221 -1
38458 9908 662 1155 18349 -1
38458 9908 1259 20594 16513 -1
18642 -1
612 14970 3015 13116 38439 27774 -1
40905 37105 713 3302 12407 3478 3015 29759 35089 20594 -1
3043 1259 38439 14893 739 33027 1985 40905 18521 38458 9908 18349 3015 18624 -1
13153 22637 14095 1259 -1
1715 14970 7764 28274 3015 12037 33324 3015 -1
8824 3015 42079 15742 18318 1259 341 657 16848 3015 8998 -1
3043 1259 1154 596 40905 469 534 14185 3015 30218 -1
2000 2718 42656 596 30041 37953 3068 2999 7443 -1
28516 13116 -1
15984 617 3302 1246 8976 15284 457 3015 19572 25917 3015 27889 -1
3043 1259 29122 2713 8976 28880 18318 1259 11727 3015 13894 -1
15605 40355 44356 -1
44356 3015 12344 41349 11047 39325 44194 29013 15605 8642 3015 28421 -1
9242 24271 2713 35244 25917 3383 10334 2999 4333 651 13968 3015 23390 8887 -1
732 870 24268 18366 38054 47041 -1
15605 3015 24310 1259 32564 848 3015 16678 24310 -1
28994 26080 -1
596 24583 -1
9785 -1
48733 -1
9607 -1
22495 -1
30859 2572 16920 26523 3012 8217 3015 33744 -1
27603 19448 2572 37742 24288 3015 19448 32445 8933 3015 31000 -1
2878 24310 37504 12882 1985 508 451 31000 -1
15716 24310 3015 29978 -1
42502 11047 7878 44491 2428 25674 44491 3015 33321 11070 32874 341 8401 3015 33744 -1
8217 3015 32564 17699 30883 -1
30852 17435 -1
25899 2572 42603 -1
15605 18395 3015 17221 16145 732 3436 2938 2559 2737 -1
16587 3015 29469 739 1259 28316 3015 -1
732 3436 2878 1896 -1
15605 31446 9228 28319 3015 18391 -1
1429 3596 20896 22188 18318 16914 3015 32518 13894 -1
8217 13894 34802 -1
24271 20271 3383 24062 510 -1
2913 855 18114 23844 16836 15309 -1
33886 508 451 13149 15891 491 596 25245 -1
32193 2500 657 25375 27565 3015 10610 -1
2913 15984 18366 17018 8976 2713 2718 1416 3015 11845 -1
25775 2713 24706 3015 7764 16464 20896 3015 13095 -1
28966 16464 19541 2713 34670 30312 -1
3149 2405 -1
21612 2713 30123 16464 20271 -1
11047 2913 28439 3015 24706 7764 2713 35093 18624 25457 13095 3012 -1
32193 31446 2500 28482 19844 2999 22655 29576 2866 -1
23669 1259 1004 1985 30149 2913 28710 40819 3015 19971 -1
15547 15605 3015 7521 18391 13894 -1
21413 42072 3015 18391 34698 16508 15547 3015 1259 7521 18410 -1
34802 7521 13326 7764 18624 29762 3082 596 3015 13894 -1
596 8976 840 17902 2572 19572 29632 17902 29762 -1
34698 1200 -1
21442 32518 15605 30002 8976 20903 2452 1259 19572 29632 17902 3015 34698 -1
596 18366 17025 29762 -1
34698 1200 -1
15605 21442 32518 10477 8976 1759 3015 2878 31308 18366 17025 3015 34701 -1
15547 23297 9264 2713 19572 33584 11381 2452 18681 840 3015 31592 -1
26003 1259 32832 -1
21413 42072 3015 18391 34698 1200 -1
15605 13116 21442 8853 17449 3025 23297 9264 2713 32832 3015 15127 -1
33886 15605 3015 12351 27774 -1
33785 2913 34546 16792 34670 -1
14205 -1
654 2699 -1
19598 3012 3302 9058 3015 16565 -1
33886 2220 23547 3015 12852 -1
24271 657 1278 2913 3383 24062 510 1285 713 18196 20271 -1
15605 29942 9800 38698 3015 49778 596 17285 19612 596 3237 -1
508 8217 1259 1004 1985 18528 38698 3302 1246 20271 -1
15605 39325 17262 -1
36243 17285 2938 657 25618 596 3478 -1
10369 20271 3015 472 3199 2938 1259 744 24298 30802 -1
21896 2713 29942 809 2397 8813 -1
43255 20271 16743 30002 596 40256 -1
20768 3015 17285 21442 25618 -1
30133 49778 739 3302 596 3237 -1
12852 22224 3015 27917 18384 8813 -1
24268 3455 13191 18366 3015 23380 7448 8217 3015 9191 16565 -1
