19980225_0700_0800_VOA_MAN
02/25/1998 7:11:41.27
02/25/1998 7:12:17.47
596 42588 29762 -1
42588 20714 7546 2421 2718 12385 34654 20270 -1
8727 657 -1
2718 1416 15945 -1
42588 38914 27924 1200 -1
20270 8708 3015 13149 32518 596 1374 3405 781 1257 13562 -1
31677 -1
28325 3142 -1
732 2718 21006 35986 13551 953 3015 12821 1330 -1
22185 8727 657 -1
1416 3017 1985 508 451 3319 -1
27924 1829 1200 -1
11192 12685 11070 3383 1659 1017 508 2718 31011 -1
3043 1259 10477 40431 2857 8994 29435 3015 9948 -1
15648 20629 31304 20768 3015 732 870 32056 -1
