19980509_0730_0735_VOA_MAN
05/09/1998 7:33:28.82
05/09/1998 7:34:08.36
35398 8790 21413 21442 21906 2576 27087 12620 457 3015 15127 -1
35654 21413 15357 29868 -1
21413 42072 34179 21413 21906 1985 732 2237 2237 1190 2535 16231 19303 3015 12620 20568 -1
28516 12620 35398 14881 15000 35398 41969 29978 25634 7448 24989 -1
21413 886 35398 15348 18495 2572 38691 3015 48486 -1
713 21574 35398 3015 20529 12134 -1
28516 12620 -1
18316 2572 27414 10702 34834 35525 25159 48486 -1
3043 1259 10477 2000 2625 20818 32518 24310 30580 24041 -1
2000 27666 596 508 29762 10134 1985 23142 -1
