19980524_0700_0710_VOA_MAN
05/24/1998 7:03:12.80
05/24/1998 7:04:25.94
13003 12034 1855 379 47013 2572 31739 33624 596 13003 8229 18642 26253 8594 2535 3015 13003 16516 44430 12037 -1
13003 15418 38460 1109 1251 2953 35952 596 14798 2535 -1
30258 13003 24054 1448 39068 14798 -1
1155 3199 508 3103 12037 2913 13003 2085 1200 -1
1259 29636 8401 2572 23977 22676 10984 3015 732 1099 -1
8976 29449 18384 10100 -1
33624 14798 3015 18380 23542 8768 3445 2827 479 17998 -1
33748 9999 3240 12034 1829 2913 29053 3015 1374 3263 12037 8691 28826 23146 33879 -1
28516 47382 3015 33450 -1
596 30081 2718 2257 37237 33324 3015 10945 457 -1
1485 44494 3015 41888 38479 26014 30218 13476 -1
3043 1259 508 2718 16261 469 534 10609 22075 2718 941 3015 13003 44430 3015 1374 2827 479 732 -1
44430 732 3429 3015 10945 2218 17998 2718 941 2345 662 8089 2572 713 17685 1004 25958 3015 18371 31582 -1
22185 1282 2718 13476 2345 662 732 2718 12037 38925 15137 -1
28516 13003 29942 -1
44430 34501 21442 16875 18623 -1
