19980620_0730_0735_VOA_MAN
06/20/1998 7:33:31.21
06/20/1998 7:34:04.03
24733 2690 2572 2625 10951 12037 3015 32612 24719 10092 2471 651 31453 16904 38483 13301 14798 24702 2535 24833 -1
12034 14970 14798 744 14604 3153 37625 18608 -1
2718 13476 -1
24733 7680 2619 1003 3596 34179 -1
12037 23542 2471 33324 732 2718 713 17442 40497 1004 8222 -1
657 732 2718 457 2378 1603 655 31401 8946 3015 44594 22581 8994 -1
10092 38479 2452 12385 732 45808 9024 24833 2535 -1
2231 2471 23728 24488 44594 22581 7573 3015 25326 15544 -1
