19980602_0700_0710_VOA_MAN
06/02/1998 7:06:57.41
06/02/1998 7:07:29.55
9902 2572 17867 44049 9715 34742 744 34834 26273 13108 15017 3015 457 2955 2572 1583 24516 -1
9902 2572 17867 3015 48863 19153 -1
657 34363 16844 38193 2572 44049 27646 8895 19306 3015 12620 -1
17867 14282 3500 1547 378 1200 -1
15653 3015 44049 27646 40819 2938 18329 657 34363 24022 732 2718 28723 26147 -1
44049 27646 22572 1200 -1
596 30059 11486 1521 -1
10369 27646 2345 17714 508 3103 28723 26147 3015 23979 10947 1407 3193 2572 31042 -1
