19980314_0700_0800_VOA_MAN
03/14/1998 7:21:01.53
03/14/1998 7:26:32.25
28536 15025 -1
2220 34703 21413 7680 44394 2345 596 1944 9858 2452 1259 19584 3154 29686 34616 -1
508 2345 1259 732 2237 43990 36194 39153 22099 16743 11045 -1
21413 7680 2997 732 3103 29686 34616 -1
3043 1259 33839 1416 596 978 -1
44394 15338 35686 3015 30577 24177 1259 16875 -1
13320 36431 21413 37234 44929 3015 33687 34703 -1
44394 3015 8594 479 844 34513 2958 596 18767 -1
3043 1259 16331 508 3103 29686 7931 28421 3015 18384 1200 -1
44394 8994 20599 596 1259 2801 15338 29686 3015 13894 1330 -1
3082 596 379 11727 2827 5063 -1
8211 15338 29686 3015 27924 18329 -1
15338 29686 8594 23526 34354 1282 732 9856 3015 21413 2625 2471 12037 -1
3043 1259 -1
18176 -1
44394 596 1944 9858 35686 -1
508 2718 16904 28793 596 2148 1974 596 18788 23392 1155 840 17951 3015 35190 457 7440 8896 -1
35066 10703 18788 23392 840 17951 3478 3015 33472 2231 1259 13182 44394 18318 596 8090 32451 8979 -1
44394 596 508 2718 35190 3015 17292 8896 -1
21662 24022 8401 3015 16513 26151 -1
2231 23526 25467 18396 3015 508 451 10749 -1
33886 21633 36097 19138 29223 18788 23392 3478 1259 44394 15338 29686 8594 3015 23606 10901 508 732 -1
1155 1200 -1
508 2572 20769 35186 21442 18352 27960 -1
1007 732 3015 23606 10901 2231 1259 2572 8594 508 451 341 8401 3015 27960 -1
596 21413 3015 30457 8976 40183 520 2254 1417 24806 21413 37234 25607 33687 3015 16907 29449 1985 44394 15338 35686 3015 30577 -1
508 2718 44394 508 3103 35686 1259 732 3103 29636 8401 3015 29686 -1
20767 596 1155 12021 508 2718 16906 -1
596 27628 23669 739 1259 657 23606 3015 -1
2231 1259 1155 596 27628 3015 8991 29762 -1
1155 3015 906 596 3015 28270 3015 8946 1906 35729 3445 2827 508 19587 2421 -1
8217 1259 596 24310 1330 3015 25158 35822 -1
508 2718 -1
21413 24310 18828 29636 479 2587 -1
1155 744 596 40915 22156 508 732 2718 2587 3015 21021 3015 2507 1732 -1
596 27647 1330 739 744 10340 32344 -1
508 3103 35686 1259 457 1837 27960 -1
457 1837 27960 1259 22788 11048 16761 1330 341 8401 3015 27647 27960 -1
23669 -1
21413 29762 739 1259 2559 8417 -1
18176 596 457 1837 27960 1330 657 28488 3015 24485 -1
1747 596 1155 3015 8991 1330 1259 732 2718 29636 3015 10946 -1
20767 -1
508 3103 29686 1259 2913 41536 18642 16969 29686 3015 732 3103 26257 1985 -1
31432 1732 11070 23926 1985 2000 2625 744 29978 25159 840 9427 5163 3431 27960 -1
7546 40085 8594 14468 739 15547 508 3103 29686 2471 3455 457 1837 27960 14622 732 2718 855 24782 -1
20767 -1
37899 36123 1732 -1
1155 739 2338 3025 1985 16231 35728 26696 332 1985 35822 7931 -1
20767 596 508 2718 457 1837 2827 5063 37336 3015 18391 13894 1330 -1
8594 11070 19303 1985 40889 3015 17442 24310 13966 18623 3015 28278 -1
508 1259 11070 19303 3015 -1
30133 -1
40085 12085 24073 19303 8976 18623 3015 28278 -1
20767 508 29762 1259 21413 2710 27959 3015 -1
20767 -1
22185 596 15605 13894 1330 1732 -1
41536 23085 3015 16907 11070 32011 1985 41389 23467 21413 25374 732 2718 8594 9994 -1
1374 2718 28363 -1
906 596 41389 744 32082 508 2718 22455 3015 8976 15544 -1
8976 26155 -1
596 508 29762 23542 739 744 26155 3025 -1
739 2471 657 24485 -1
20767 -1
8594 508 3103 44394 1448 29686 30272 8594 25464 16761 21478 7570 -1
44293 10340 14628 1732 -1
10702 2471 10340 14628 -1
10900 508 2718 1330 732 3103 41536 2085 2231 1259 13502 1155 732 2718 37336 3015 32899 2231 1259 508 2718 20537 24685 508 2718 13894 -1
2231 1259 8594 25464 50205 -1
26819 508 2718 13894 1842 24685 -1
20767 596 16231 24310 27960 1330 739 10340 29978 -1
15742 508 2718 20496 3015 13894 2500 1259 13069 3068 -1
3043 1259 -1
8594 25464 508 2718 50205 23669 508 15128 37953 32882 1985 -1
508 2718 -1
508 3103 28181 739 26155 508 2718 13894 -1
20767 -1
1135 508 2718 -1
7931 16231 27960 8889 -1
2500 657 732 2718 8401 3015 10901 2231 1259 23840 27087 -1
20767 -1
1521 33874 508 2718 48604 36094 3025 8594 29686 3063 1985 2421 991 1190 852 1330 2345 -1
20767 -1
33915 19303 1985 16231 27466 34352 10989 32692 3015 12620 8889 -1
1155 2500 33625 1985 2195 1810 3015 8594 3015 29710 8808 8535 -1
41199 16231 3015 23840 27087 739 1157 29978 -1
2878 2231 1259 596 43990 39153 16743 11048 -1
2913 2000 2625 27960 2972 3025 1985 2559 3007 3015 32838 11048 -1
906 596 1259 8288 2999 2938 596 12912 29978 3015 -1
15654 -1
10702 1200 508 3103 29686 2471 1259 2559 8401 -1
30133 14128 36563 -1
1259 732 3103 408 8115 29686 -1
3302 1259 16076 29686 -1
20767 -1
16231 2938 2559 8417 -1
41199 21413 29762 3148 1985 27628 8976 3015 23606 29762 -1
596 18582 9427 1330 -1
37899 25467 2713 8594 27087 -1
34352 32692 9242 29762 35645 15547 -1
40085 739 1200 1985 -1
2471 657 35822 13894 2150 1135 -1
28797 1701 15045 3015 1259 21413 37234 25607 2343 1099 3015 33687 34703 -1
