19980604_0900_0905_VOA_MAN
06/04/1998 9:01:25.72
06/04/1998 9:02:04.01
21413 42073 50856 -1
491 596 39892 2572 16761 19571 3068 2625 3015 40819 24022 26155 -1
15427 18175 34352 10757 2572 49951 8895 3015 41969 24189 -1
50856 38480 2572 8594 -1
42763 -1
10736 2428 29953 3015 40819 24022 26151 -1
50856 1200 -1
34364 886 10757 2572 49951 30059 11033 3015 12401 -1
1747 2231 1259 -1
15000 41389 41971 -1
29662 33742 2452 16623 31326 -1
35443 30066 17769 840 11699 -1
2572 35443 33676 1092 1654 840 3015 23840 26088 -1
