19980225_0900_1000_VOA_MAN
02/25/1998 9:14:32.71
02/25/1998 9:17:05.02
21413 37234 25607 3981 1742 3020 3100 27352 35669 22185 732 1604 34703 1200 -1
27414 7680 2280 3068 455 24554 596 45813 24525 2421 12739 11048 -1
2231 9649 3025 1155 3015 2997 732 2718 8976 14177 -1
2625 2471 44207 3068 42079 31076 1985 1004 19967 2280 3068 455 7680 18349 3015 855 7689 2878 9283 3015 2625 2471 15418 44685 -1
13320 13877 2231 1470 1022 572 24628 3981 1742 3020 3015 34703 -1
596 2280 3068 455 45813 24525 2421 12739 11048 -1
3068 42079 31076 1985 1004 14970 2280 3068 455 7680 18349 3015 855 7689 3015 18371 2878 9283 3015 27631 15418 26147 -1
2280 3068 455 7680 596 24068 11629 457 26763 36170 14645 732 4332 -1
855 7680 13502 2625 2471 3015 15418 26147 20537 19967 2000 889 18349 3015 29964 -1
732 889 1259 18349 1521 8525 40004 3015 24043 2280 455 5476 32542 855 7689 -1
1955 732 889 1259 18349 2611 1292 804 31962 29122 3015 17293 2572 25312 38925 8227 14095 -1
27414 3429 27946 14935 9983 12852 23062 3015 2507 2085 -1
855 7680 29636 2999 33857 -1
34033 12084 18176 42655 9241 333 -1
15648 16720 744 31308 732 2718 662 42486 332 732 1490 23926 3015 24041 -1
31076 12320 2345 2471 1269 2280 3068 455 7680 21442 7689 24719 13812 7574 20594 -1
596 12037 8891 -1
2280 3068 455 2572 2280 455 5476 9545 32011 12620 -1
662 2280 455 5476 15137 732 3429 3015 20594 33750 -1
508 2397 3429 27946 39098 9983 3068 42079 29985 1821 3655 3740 3015 26509 -1
2280 3068 455 7680 26756 1985 3068 42079 29861 2280 455 5476 3015 22642 -1
1821 3655 3740 8813 -1
10477 35822 14472 596 27352 -1
1004 1985 34352 2625 2471 32518 9102 2572 32692 -1
3068 2625 3035 31076 1985 2625 2471 -1
34703 2500 3302 9983 1155 3015 26509 -1
3068 42079 13502 1424 40138 1167 3015 7680 657 732 2718 28957 23926 3015 25915 -1
27414 18395 8150 379 855 8994 3015 30563 -1
30871 2913 2625 2471 24488 3015 33687 34703 13182 -1
2280 3068 455 7680 3015 8998 855 8976 27631 31821 2572 1155 3015 8217 8976 21327 1072 732 7764 40497 3015 32861 41199 1259 25027 2878 25740 2999 31166 379 44207 3015 31298 -1
3293 657 2875 3445 2237 16974 2718 10945 3015 2625 2471 3037 457 -1
44207 3068 42079 9453 30238 3445 2827 479 961 16972 13476 -1
3068 42079 24488 29224 2280 455 5476 31582 7689 3015 18349 -1
15648 17262 -1
2280 455 5476 16315 2064 732 1659 3015 8976 -1
2280 455 5476 1259 732 991 14572 3015 21929 23864 -1
1155 1259 732 2924 22181 995 1472 3015 27414 8525 40004 3015 43345 -1
1004 1985 23136 38118 -1
713 10654 18642 39583 3015 7680 31704 -1
2280 3068 455 644 2280 455 5476 3015 876 43844 1659 24723 1985 21327 -1
