19980502_0730_0735_VOA_MAN
05/02/1998 7:30:03.64
05/02/1998 7:30:47.09
20258 28541 40819 596 49648 7931 9024 14633 20253 14933 25995 36321 -1
36600 16792 36321 3015 2345 657 -1
2718 20253 27646 -1
15648 3015 25995 732 1102 2508 1157 33324 3015 24310 16842 2345 41397 21413 -1
20199 16761 2997 2875 -1
2220 34701 -1
20258 28541 40819 11070 24819 651 24685 14146 20253 8525 10817 36927 18371 3015 9099 -1
28516 20818 491 596 32868 3015 14504 29779 -1
28541 2345 15340 23059 27207 3015 3020 4195 1358 3388 2567 32542 36927 -1
33886 -1
1155 18341 2421 1715 2535 24073 32225 -1
1424 23059 29953 3015 47875 15404 861 14364 2997 732 1412 20253 8525 10817 3015 18347 -1
