19980311_0700_0800_VOA_MAN
03/11/1998 7:40:43.54
03/11/1998 7:43:20.42
28536 15025 -1
9545 1259 21413 8994 35728 42246 3015 3500 3073 1774 2155 3981 1330 2718 612 31424 1004 40898 7680 -1
2220 34701 -1
3500 3073 1774 2155 3981 469 1259 8385 24806 2620 21413 24863 3015 14461 40819 3037 457 3015 732 2718 -1
13320 36431 21413 37234 25607 36977 3015 34701 -1
662 15156 35424 -1
24559 30073 30081 22081 -1
3500 3073 1774 2155 3981 12076 24068 40898 7680 -1
13674 1715 1521 -1
9058 15820 26894 18126 40898 3015 16907 -1
3500 3073 1774 2155 3981 36701 25505 -1
23088 21413 30695 -1
31703 34384 2535 -1
1155 23728 596 21413 26455 34766 2226 28421 -1
26819 31582 1985 508 2718 25917 3015 27896 28421 -1
3500 3073 1774 2155 3981 732 476 25878 33613 40898 3015 30457 9793 -1
3100 732 36037 2875 1715 11045 24316 3025 40898 15520 35687 -1
3318 3100 732 2237 41320 1542 32229 21413 26455 34766 2226 3015 8869 -1
2480 40898 30695 -1
51248 40740 3012 21429 34701 1200 -1
3500 3073 1774 2155 3981 3015 21413 34590 1259 1155 20537 9423 30284 31424 1004 40898 7680 3015 8217 9999 -1
40898 18395 13502 -1
3500 3073 1774 2155 3981 596 21413 24806 3015 24863 2572 24306 20537 34834 40898 33024 34975 1521 15820 3015 10640 -1
2710 2115 2999 37325 29890 29002 3015 31264 -1
22185 -1
40898 18395 739 13502 3500 3073 1774 2155 3981 3015 10640 20537 1269 40898 2710 2115 25464 50171 2572 50046 -1
24435 3500 3073 1774 2155 3981 3015 18828 34445 15396 -1
3043 1259 596 16761 28541 40819 3037 457 -1
596 21413 1246 2620 24863 2572 28421 2620 3015 49732 -1
22651 38193 7689 50887 50053 1376 350 7680 1565 23117 3981 1548 29953 7680 44759 15605 7680 40944 -1
11047 40455 42588 3012 2625 7680 739 2938 34384 651 21413 3015 31703 -1
732 870 1521 27646 40819 -1
1395 49951 1521 7689 3301 1045 739 1259 596 21413 24806 3015 28731 24863 -1
3043 1259 3302 1259 15653 596 21413 1246 2620 24863 3015 27646 40819 2938 1954 21413 1416 28826 24951 -1
34436 9545 596 21413 27466 44460 29176 3015 39250 2191 8994 40819 3500 2998 3020 47627 7680 15595 -1
36053 -1
15595 596 21413 19612 2231 23728 32128 29804 26088 -1
22185 -1
13504 1521 7689 1664 1657 35600 1673 29662 21413 28319 11048 -1
29825 13504 32119 -1
1155 3015 19138 3015 2857 1837 22642 1269 1155 3015 8998 596 35146 20482 10654 1985 13504 31704 3015 17105 -1
11039 1259 21413 37234 25607 36977 3015 7713 34701 -1
