19980620_0700_0710_VOA_MAN
06/20/1998 7:04:47.63
06/20/1998 7:05:43.12
21413 20364 732 2718 22586 29938 20158 48842 3068 2936 5688 1664 16029 3596 596 -1
1715 16904 1730 -1
13254 2345 -1
2912 44390 14814 3025 21413 3015 7535 32896 -1
20364 508 2718 29938 3015 44529 38478 12085 -1
36874 -1
1167 3015 1664 16029 3596 -1
24288 34033 10853 886 21413 7640 2572 32528 30477 3015 7535 32896 -1
1664 16029 3596 3383 44321 32952 48842 -1
20482 2572 -1
20482 3154 7548 732 1788 3068 2936 5688 -1
1664 16029 3596 3379 23526 3383 47203 26003 1259 8466 25379 -1
3043 1259 -1
28516 -1
1715 1664 16029 3596 3100 48842 3383 10799 3025 21413 3015 12620 27774 -1
1664 16029 3596 3015 12345 33912 33144 -1
1715 -1
1664 16029 3596 651 -1
1715 3383 3068 44529 19471 2535 14042 19213 -1
26781 -1
1715 21736 -1
31432 48842 739 596 1078 25781 -1
