19980319_0900_1000_VOA_MAN
03/19/1998 9:56:56.05
03/19/1998 9:57:48.81
21413 38625 3015 25404 -1
24559 -1
612 3015 9567 15795 10340 25250 -1
2878 20529 25404 573 22525 2997 1374 2718 612 32518 13353 -1
508 34183 46308 18318 31225 23390 -1
21413 41024 3015 34698 1200 -1
38625 25404 8797 24559 -1
612 9567 1985 44549 732 -1
508 2718 8797 1259 21413 46308 3015 40007 -1
21413 41024 2500 1200 -1
21413 36245 12385 17030 18380 -1
14849 16266 1330 2718 12385 9561 1985 24154 1416 -1
14893 21413 39751 3015 34698 1200 -1
21413 -1
612 3015 21478 20496 17592 3025 1944 1715 11045 3015 7550 16145 -1
9999 1259 21413 32564 33328 2889 3015 13337 29200 -1
31683 24499 33328 2889 3015 13337 29200 -1
