19980403_0700_0800_VOA_MAN
04/03/1998 7:19:29.16
04/03/1998 7:24:06.92
28536 15025 -1
36960 16513 26147 38480 596 21818 23759 -1
508 3103 25634 1374 1099 3015 26147 -1
2231 14347 11787 24310 33905 26572 3015 12334 24488 15427 -1
11033 1259 21413 37234 25607 35601 3981 1745 2091 3100 21818 35669 3015 34701 -1
662 1547 670 1794 35424 -1
23059 30081 961 2718 27646 3015 40819 33624 1985 508 3103 36960 16513 26147 -1
508 1259 2997 2875 3103 24022 508 29762 3015 16513 26147 -1
2997 732 3103 1259 2000 1715 1521 596 21569 24022 3015 -1
29449 18384 18329 -1
508 2045 26147 2559 23542 34273 23431 3015 33293 -1
48360 -1
28541 40819 8895 24989 12951 8431 732 870 45172 3015 3108 2214 -1
2878 21442 18352 23979 3015 24719 -1
18500 -1
596 18316 -1
10817 28421 3015 21818 7870 24310 809 2397 3748 3477 3981 1200 -1
10477 31438 3015 11787 24310 14177 -1
10087 508 3103 1374 1099 3015 26147 2345 33324 732 870 18328 3015 15363 -1
16508 -1
1155 10092 33624 26147 3015 40819 2471 15357 732 889 17257 -1
28807 27647 25995 25944 7570 2572 19572 14642 1004 34834 11787 34975 24310 14177 36669 3015 20306 -1
3748 3477 3981 1200 -1
1155 18329 2997 2875 29762 -1
31821 2471 3455 8436 2839 596 15427 25467 27647 24583 15293 3015 13894 1330 -1
25590 24488 508 2718 11787 24310 14177 11048 32518 3015 9095 -1
2997 1374 29762 1259 732 870 23979 657 16826 20568 3015 13416 -1
10900 16513 26147 23669 11070 7931 15357 732 2718 1788 1004 36960 16513 26147 12402 25944 3015 33152 -1
2500 657 23542 19303 2000 2718 21478 25634 -1
15654 508 3103 26147 2345 657 35822 30613 744 1135 -1
739 2471 32518 732 870 33152 3012 -1
1155 1200 -1
596 20818 11787 32518 24583 14177 3015 18828 926 -1
3015 1433 1259 10333 13894 744 1135 3015 -1
3748 3477 3981 1200 -1
24435 906 596 11787 24310 14177 11070 35443 32518 596 34677 3015 14786 36744 1985 -1
3043 1259 28541 18318 12133 27959 11787 3015 24310 14177 -1
1155 1200 28541 491 596 32451 508 732 13894 -1
27647 9981 13910 1985 20818 3015 18828 -1
29696 1985 14177 3015 23132 -1
3748 3477 3981 1200 -1
906 596 24310 14177 32445 2997 2875 24782 -1
508 2718 24782 2471 2559 3233 -1
2997 2875 24782 1259 11787 28541 2938 657 24310 23142 -1
1155 1200 -1
596 9242 1246 24310 14177 10640 3015 27646 -1
28298 2572 2718 1416 2938 657 28726 9488 12133 29043 -1
10907 2471 32518 31792 17030 19693 -1
11787 35822 27646 2500 2471 25590 21192 14177 13894 -1
24719 -1
9242 27646 2471 16627 11176 32564 2085 24671 23145 -1
25596 12133 44562 3015 24310 20004 29978 -1
1155 1200 -1
11787 24310 14177 3015 2997 1374 24782 -1
1259 24310 3015 14353 29065 -1
3748 3477 3981 18329 -1
508 2471 12133 732 870 16904 -1
31851 961 1715 -1
1944 1715 -1
11359 1555 1715 -1
508 991 10736 24310 809 2397 13023 20253 1728 596 11787 534 8252 31000 -1
15418 1259 596 9561 16231 21478 29762 -1
3748 3477 3981 1200 -1
13894 1259 20253 491 596 18563 18589 24288 25995 22572 -1
15891 2559 1738 32518 8999 8073 -1
20253 3015 8999 11070 28035 596 732 1091 7638 3048 732 25995 3015 3048 732 27732 1330 1985 -1
10907 20253 596 508 3103 16513 26147 1330 3302 2471 657 16875 855 3015 15363 -1
3748 3477 3981 1200 -1
31436 15648 23526 7469 36938 -1
16508 3455 20253 3015 24310 2035 1202 -1
713 1560 3048 732 3015 20253 25995 1728 1269 20253 24310 17592 -1
508 991 596 18316 -1
10817 28421 3015 21818 7870 24310 809 2397 3748 3477 3981 1200 -1
3100 33198 27916 2171 -1
20537 34834 11787 3015 1259 19156 3015 20253 24310 597 25463 23771 3015 21478 16678 -1
