19980316_0900_1000_VOA_MAN
03/16/1998 9:06:56.15
03/16/1998 9:07:42.39
13003 13003 3015 14009 41577 1004 1985 29696 25999 3319 32407 -1
906 596 2913 1838 732 2387 23059 15596 3015 34939 15648 2938 31179 25312 -1
596 508 8891 -1
596 3100 15596 30408 29825 13003 3015 1416 3037 457 -1
32518 25999 34065 -1
13003 14009 27924 12385 732 1200 -1
44849 596 12111 25925 31173 23059 15596 3015 34939 25312 25200 18828 -1
34033 28628 32844 744 1259 15648 28826 3302 16397 10702 37900 -1
1374 9860 596 3100 21569 30415 26238 3015 13003 1416 3037 457 30002 1985 2421 1542 25999 34065 -1
25999 1259 13415 32407 3015 25731 -1
3185 1985 21442 1325 1234 3015 2452 3063 34068 3015 16864 2572 1206 2471 10789 25999 3319 -1
18176 3302 25753 8635 -1
25999 23526 31308 15945 -1
