19980415_0900_0905_VOA_MAN
04/15/1998 9:01:44.01
04/15/1998 9:02:31.07
42763 10951 36863 491 596 23606 38478 2913 7689 15340 24488 34189 1278 -1
24488 28329 3015 50452 -1
662 42656 23390 3015 42763 10951 36863 14970 1985 732 889 23926 -1
1424 10944 1829 596 2913 38280 15340 3015 7689 41888 2446 2035 780 3735 34189 1278 -1
23526 33673 508 732 29759 -1
42763 42234 8946 508 732 32035 -1
15648 9715 1200 -1
15648 2345 33892 45591 42234 1416 861 1980 3567 3844 3469 2800 3015 26763 744 29223 2446 2035 780 3735 3015 7689 732 1788 -1
42234 11408 24488 28329 3015 50452 1259 1004 1985 34742 42234 31390 3302 14168 31406 -1
14798 9668 2446 2035 780 3735 3015 7689 15340 -1
