19980225_0900_1000_VOA_MAN
02/25/1998 9:44:28.81
02/25/1998 9:49:03.60
21413 37234 414 15625 15386 25607 2855 35598 35669 34703 1200 -1
18296 3383 33459 1004 1243 2445 8234 3015 15605 28660 2312 1459 8234 3048 2625 938 38481 29825 15605 -1
3048 2625 938 34179 39132 24889 9898 34760 2875 1262 15418 13502 1155 1728 1004 32082 8594 2572 1583 2266 732 2821 12455 -1
13320 2231 36431 2855 35598 3015 34703 -1
15605 1521 8234 8594 8234 1054 8221 28660 2312 1459 8234 3048 2625 938 -1
24559 10037 39588 18270 21777 24889 1383 1016 34760 2875 1262 1411 1787 1004 12507 1243 2445 8234 -1
18349 11107 30073 30081 732 2584 596 37393 24022 -1
3048 2625 938 32874 3379 39506 24889 7548 33459 3015 30081 991 855 1243 2445 3037 457 1007 732 3015 44812 -1
3048 2625 938 3383 33459 1004 1243 2445 8234 8896 -1
651 30073 30081 1022 2584 2856 1145 -1
10477 30081 13682 9046 739 1259 1442 16761 50222 7931 25585 11392 16449 644 29076 3015 1190 12385 23728 3015 1407 369 -1
1155 596 2856 1145 8896 18651 1985 17126 3015 48371 -1
3318 22631 19233 2515 27320 1738 13164 1004 1972 1738 510 25509 11047 31036 21110 1545 2786 -1
13301 573 596 38508 886 15605 28539 16045 24889 1383 1016 34760 2875 1262 13502 1155 32542 1243 2445 8227 8896 -1
15418 10702 14628 3015 28421 -1
3048 2625 938 34179 24889 732 886 27977 8594 24888 -1
42779 34033 24316 28152 15605 24888 34898 19100 24915 -1
1004 8594 14059 3015 2572 1583 11047 16761 3015 2572 1583 9012 2266 2821 12455 -1
3048 2625 938 1200 -1
1155 33289 36708 -1
2312 362 19153 1200 8594 1416 29636 2999 14093 -1
657 10495 3015 13966 -1
18402 653 20767 2903 -1
2312 362 739 36708 926 2718 16764 1259 13877 8594 1416 3015 16764 -1
15654 508 3103 596 508 2718 16764 7548 732 3103 18349 1007 732 3015 732 2718 11787 1243 2445 2231 1259 8594 1416 -1
15654 23526 23677 1155 2913 13877 8594 1416 3015 508 451 13502 -1
36370 -1
13502 13877 596 926 732 2718 16764 -1
8594 1416 9207 20537 1004 16761 3015 -1
32082 16761 3015 9012 -1
2572 1583 508 29762 20537 657 7912 3015 28244 -1
33805 2715 16761 31632 9735 -1
45096 596 21777 37393 2312 1081 1243 2445 8234 3015 7570 1259 1243 2445 1054 -1
508 2718 7570 32337 651 953 627 732 1963 961 2237 1715 -1
1243 2445 8234 37336 3015 27827 2572 18623 1259 24889 18533 26003 1259 18640 8896 -1
37105 12037 24889 -1
26003 1259 38034 3383 811 1004 24889 -1
32193 -1
1243 2445 8234 1583 1407 1004 24889 3015 33614 -1
29135 24889 8636 18582 39132 24870 -1
10347 24889 3015 19012 -1
2878 1243 2445 8234 596 2312 1084 739 31147 1259 2312 1084 3015 8525 14095 -1
662 24889 8810 32451 732 1490 2913 1730 2572 30280 3015 8979 -1
732 991 1243 2445 8234 3015 18349 1259 2312 1084 732 2356 13069 22035 3015 1261 -1
1154 1171 662 24889 8810 24311 13769 3103 3015 4261 1521 21261 26147 15427 8896 3293 2471 33324 -1
12111 27646 11047 31011 3025 20818 14122 2500 21442 18352 732 991 1243 2445 8234 -1
18500 45096 713 11787 27646 35663 8594 2312 1459 3015 1243 2445 8234 18380 7551 732 28220 1190 991 -1
29525 1259 625 17639 2312 1459 8234 2701 1589 1847 -1
13003 2312 1459 8234 2530 500 457 -1
15605 28660 2312 1459 8234 3048 2625 938 -1
22185 732 991 573 596 24889 3015 854 457 -1
10900 508 3103 18270 1412 3015 855 1243 2445 657 36178 3318 21442 28361 12252 -1
28516 1985 2291 -1
1551 457 479 732 2231 1259 31787 3015 1768 991 8234 -1
3302 28361 12252 3015 9999 1259 1004 1985 34766 1155 3015 18387 35244 -1
39132 15625 2312 1459 8234 3579 3626 34179 -1
24889 1383 1016 34760 2875 1262 732 2690 18349 1985 1190 991 8594 1243 2445 8234 -1
13182 3153 24889 30272 8594 24888 3015 8417 -1
11047 2913 45211 3015 27977 -1
3579 3626 1200 -1
2312 362 2913 13877 45211 27517 12111 2999 27977 -1
2913 13877 508 2718 27646 21108 13877 3015 13966 3015 3487 -1
739 15418 23467 1732 -1
13877 457 35843 2625 596 15605 2717 29762 3015 32899 -1
2312 1084 716 596 716 657 3015 28244 713 875 456 24560 33459 1155 1004 1243 2445 811 1155 1004 7807 341 8401 341 19026 3015 27087 1416 -1
1259 744 732 991 8594 8234 596 21777 39132 2312 1084 457 1243 -1
24560 3293 20537 657 28488 2999 2710 2587 3015 28244 -1
11039 1259 21413 37234 15386 25607 2855 35598 3100 15625 1157 2872 3015 34703 -1
