19980317_0700_0800_VOA_MAN
03/17/1998 7:07:34.99
03/17/1998 7:08:30.23
50354 7680 39279 -1
13325 1155 3015 15653 855 20594 33750 -1
17422 15648 3015 7876 2572 24300 18828 -1
713 32082 8994 3015 22517 7463 -1
596 38383 3015 27924 1200 -1
18176 1768 732 2718 33750 3383 8805 657 24310 29122 3015 12292 -1
1747 6987 9242 7876 18828 2345 3383 10540 18526 -1
508 1788 27924 1259 2801 657 22655 8871 48152 -1
2150 1259 20594 33750 3015 2718 1416 7876 18828 -1
2345 1259 34759 3015 -1
39279 1330 2718 12385 18349 3015 855 20594 32861 -1
8217 662 1155 3015 19010 2572 25516 7574 -1
1551 457 34802 1155 3015 3068 20296 -1
596 39279 8824 3015 1374 16983 1715 19612 -1
39279 7680 3015 25516 -1
19993 2572 1155 3015 19010 1829 -1
25875 1985 31792 3015 33704 -1
26014 2559 3068 18623 -1
