19980527_0700_0710_VOA_MAN
05/27/1998 7:06:28.66
05/27/1998 7:07:06.27
2220 38193 30868 34703 -1
38193 7689 50887 2572 49949 22637 38925 10956 2155 2054 2231 38193 3100 37958 13592 926 732 1615 33030 13894 24022 1985 26155 -1
34703 1200 -1
26155 1259 596 50887 3025 8594 24488 9024 29686 8891 651 12385 732 24022 3015 -1
3043 1259 34703 739 1200 -1
2155 2054 29223 15648 8895 24022 2620 508 3103 26155 -1
7820 732 2237 41320 1374 612 11045 -1
38193 2572 49949 3015 2572 1583 24516 13109 25139 -1
10900 16231 596 38193 926 732 1615 33030 3015 27768 13894 1330 32518 2827 5063 -1
