19980316_0900_1000_VOA_MAN
03/16/1998 9:07:55.03
03/16/1998 9:13:25.85
491 596 34616 24022 3015 8594 18598 18395 31622 28795 12044 855 3015 732 2284 27646 40819 -1
596 34616 33687 2000 2471 3015 21413 37234 25607 1383 3981 906 596 491 596 42936 1330 -1
13320 13877 2231 1470 1383 3981 24628 732 926 10369 18828 -1
1383 3981 20499 -1
15156 20499 -1
3331 24536 3502 -1
1470 1722 920 25293 24628 732 926 508 3103 45808 3463 -1
2913 24554 17572 2237 2284 1416 3068 732 3103 26147 24488 1985 14798 -1
657 22435 2237 3445 39300 1788 31622 33624 1985 14798 -1
12044 1985 1416 3068 3235 14095 3015 38926 -1
2777 38926 -1
40526 -1
27646 8221 -1
44237 2572 23834 8221 2572 44237 -1
508 2421 2718 8869 1732 2938 1259 16315 3012 2889 12037 -1
10991 2231 1259 1200 8768 732 1788 41888 -1
31436 739 657 732 870 31622 -1
1155 22185 15357 1985 3331 3015 18371 -1
43762 -1
2231 18371 19091 3037 508 2718 27646 8221 -1
3043 508 451 18828 35825 3015 -1
732 3436 3017 1596 2231 1259 2421 1596 30130 -1
1747 657 21442 33369 12037 3015 -1
508 2718 33272 14095 -1
2231 1259 33270 38925 14095 1732 1259 16315 33369 12037 3015 -1
3043 1259 1200 1732 3250 1555 2718 1416 -1
2231 1259 1200 -1
43768 10022 7931 811 732 3445 39299 2718 1416 -1
1747 10900 1154 3015 2536 811 2231 1259 732 3445 13674 2718 1416 -1
7548 1555 2718 3017 1596 341 1323 3015 1416 1732 -1
2231 3383 3250 13314 -1
1259 37827 3015 -1
2231 1259 1200 12021 10261 739 3302 1259 20767 3068 -1
2913 -1
508 2718 13877 3100 34703 457 23677 22738 31424 1416 3068 44134 38926 -1
1259 2500 657 2000 3445 2718 1416 46269 -1
732 3445 2903 2718 1416 19375 1596 -1
10900 1155 41712 1259 713 3445 2827 479 43982 -1
1155 3015 3017 1596 1906 1259 3445 2827 479 43982 -1
1200 19486 3100 13581 34203 36123 -1
18176 1768 732 2718 22214 3445 2827 479 44078 3015 3017 1596 31424 -1
1747 1259 46991 3015 16748 -1
596 8594 508 451 18828 2231 3302 1143 11889 -1
2913 3302 2913 -1
1722 360 21442 15033 -1
9242 31622 1829 1004 16875 46269 -1
26003 1069 19375 1596 3502 -1
732 3436 31622 1829 2938 3302 3068 30280 1200 9242 16739 -1
3302 1143 1200 3502 -1
3401 1330 31851 739 21442 1104 1259 3302 1259 -1
21442 -1
22185 2530 36002 3037 1004 12028 3068 44237 -1
20767 2530 36002 31851 1259 20469 341 1477 31424 27646 44237 3015 -1
2913 -1
1155 24559 38831 1167 -1
1155 1259 732 36036 961 1715 3100 18882 31703 16160 28459 934 34384 -1
26819 33227 596 25959 28421 -1
596 42420 332 2620 13123 2777 16365 2572 42225 3015 42420 1002 16365 -1
732 2237 43991 1732 2973 3025 42225 8525 332 2620 1054 8525 3015 2997 732 16365 -1
3100 732 2237 43994 3025 732 2237 2237 2875 19612 1732 1155 3037 2620 457 2690 13587 37500 49351 -1
2237 2875 1715 16969 31424 457 2690 8525 37774 37774 14095 -1
18642 24147 596 16972 3068 1330 1732 31424 457 2690 8525 37774 33272 -1
508 3103 1732 -1
1521 33874 31817 2938 8918 968 2079 2800 3015 30121 -1
2231 1259 3137 3153 508 451 12852 2231 1259 1200 968 2079 2800 3015 2877 3301 2564 657 23542 3037 27646 44237 -1
3043 1259 -1
23542 1259 20599 657 1416 29861 -1
15653 906 596 44869 18329 23542 2530 36002 23542 1259 732 2718 14504 3015 24719 -1
739 657 1416 18329 -1
23542 508 1259 10900 1155 34445 20455 3383 8810 7448 24832 -1
26003 657 508 451 10991 3463 -1
1200 19486 739 1259 732 3300 732 2718 15613 -1
1080 979 3070 979 563 2619 -1
1383 3981 -1
7546 15033 3153 1985 732 3379 1237 35986 -1
2330 2814 -1
508 1722 657 21442 15033 2620 -1
2913 973 24554 9046 2751 34626 21639 1985 508 3379 1237 2171 1985 732 926 -1
508 3379 1237 41712 31851 1259 2338 16875 10991 3502 -1
18405 2938 1200 508 3379 1237 2559 657 34590 -1
10900 1154 3015 7441 2000 1788 7441 2938 1259 18395 1407 3401 15427 624 -1
2878 508 3379 1237 3015 360 28039 1732 1259 1948 2429 -1
1948 2429 31817 2938 8918 13153 8594 41164 3015 42476 -1
739 1259 41536 3100 17639 31636 34616 3015 28098 479 732 -1
1948 2429 1732 2500 1004 508 3379 16349 1985 818 -1
508 3379 1237 8217 1135 3015 2231 1259 732 2237 40150 28952 11045 8594 32518 3015 1374 3103 16011 30524 -1
2997 732 3103 2231 1259 472 3015 40150 508 2718 2859 3963 1659 2572 43018 -1
2530 4188 3426 3012 1416 25374 508 2718 16851 1259 25304 9218 1007 732 34203 -1
2913 508 2000 451 16011 8895 3015 30524 -1
2997 2875 3103 472 3015 1259 732 2237 2237 2875 1715 27957 853 1313 2500 1259 853 376 3015 34234 -1
2997 1374 3103 1259 472 18642 27957 853 2697 2500 1259 853 1196 3015 34234 -1
508 3379 1237 1135 18642 34616 32518 2620 1190 2817 1024 1715 1237 -1
2913 508 2718 17340 15401 2572 39326 15990 24310 24488 1985 19972 -1
15653 18405 732 3436 18329 508 3379 1237 1259 2997 732 3103 596 8594 657 1416 864 1237 1615 1924 596 28952 23771 11045 1374 3103 16011 24994 3015 22676 2025 1274 -1
30133 10481 1259 596 2237 3068 19612 32595 1154 657 15396 3015 10984 -1
508 2718 2231 28795 32563 -1
28795 32563 -1
2231 1259 596 2220 1200 1259 1330 2718 12385 17590 3015 -1
186 -1
1747 2231 1200 508 2718 7499 2452 1200 32398 508 2718 -1
2913 -1
732 3436 1416 18329 3502 2500 21442 -1
2220 1200 508 1259 2997 732 3103 28329 3015 3302 30946 3015 19972 3009 2022 1430 3012 27916 34445 7498 3015 1416 3015 9244 732 3379 1237 -1
26005 13877 23526 19614 379 33874 3015 25131 1728 32518 1955 732 -1
