19980220_0700_0800_VOA_MAN
02/20/1998 7:46:54.20
02/20/1998 7:49:11.62
596 44198 1330 -1
38180 20277 26566 37941 2134 1664 22852 3844 1004 35409 43996 864 926 1985 855 3015 25618 -1
10369 2997 16987 2284 44198 37340 36496 3015 34703 -1
36431 21413 37234 25607 3301 1926 3596 3100 18316 3015 35485 35669 3015 34703 -1
662 15156 35424 -1
38180 3015 3020 3316 2091 2134 1664 22852 3844 26014 20277 3068 26208 27920 -1
32874 2997 732 991 10654 36501 44198 28683 26566 12928 24586 3015 37941 -1
732 1099 1521 -1
596 26566 9353 1375 457 -1
10033 596 2997 732 3103 13337 22192 3015 2134 1664 22852 3844 2997 2875 3103 32509 1278 -1
1071 1287 22466 -1
7548 469 36294 1985 10824 -1
3043 1259 596 3068 26208 34435 457 -1
2134 1664 22852 3844 36168 13337 2938 2934 1956 29301 -1
8465 26014 27920 -1
44007 1682 12026 787 2028 5490 3020 2091 1875 3981 3843 572 3596 713 44448 1799 479 3250 36446 11794 -1
1176 2345 2572 28683 26107 12928 27920 31245 3015 23794 2396 1376 572 1747 3596 26014 3068 26208 14867 -1
596 20277 17998 28325 9875 26566 1375 457 -1
42763 3015 432 2028 2396 1490 1664 1678 1037 713 732 12739 30081 2875 2827 1963 36829 3015 32903 -1
552 357 1985 24586 -1
42981 12026 38180 3015 3981 1109 2860 3844 4165 34578 1826 2903 469 21751 1985 31677 1282 1799 -1
11070 10609 1374 1848 24586 3015 42763 1682 2345 2091 1386 3929 2091 349 2996 1747 653 1004 7807 9553 1985 732 1848 14867 -1
596 34802 26566 15096 2572 26566 9875 3015 34612 1265 26107 25766 12928 457 -1
20268 1618 357 24586 -1
29533 552 926 10824 -1
29953 26014 14867 -1
2220 34703 -1
596 35576 457 -1
732 3442 1060 2999 3015 21413 20656 43689 3015 20896 30323 -1
3068 1735 15648 13283 3015 29738 -1
9608 3015 15689 28181 3073 732 1528 21387 -1
21413 34099 22581 2471 23728 30802 -1
33886 15653 18742 2938 11070 29825 21413 -1
21413 34099 2288 27924 11070 886 21413 44073 31262 -1
3318 34179 9914 47196 -1
21413 2914 19271 3022 2722 987 1109 2913 25453 3015 -1
1289 2571 1375 12406 12498 3401 -1
1200 -1
10333 11078 1259 3383 37941 3015 17383 2821 1997 796 2918 3015 -1
657 2421 1788 12026 596 29738 2033 1217 2330 3070 2944 -1
1155 2500 1200 -1
31817 33805 2913 37193 43689 35392 32022 3015 10749 -1
596 38481 3015 3429 23919 457 -1
21413 43689 3383 24733 2690 2572 2625 2914 713 1190 3367 732 15438 32565 -1
