19980303_0700_0800_VOA_MAN
03/03/1998 7:07:21.38
03/03/1998 7:08:44.10
46835 20714 2155 1159 4072 1294 3015 50852 7602 7931 596 38486 21646 15941 -1
508 2718 31011 7546 30002 1985 42779 341 11727 3015 34670 26088 -1
9654 25634 596 16517 1565 2033 1277 2998 1745 28980 3015 2421 2718 32056 2033 24022 -1
1376 350 24271 18674 1985 662 1374 1024 1788 50852 7602 12385 732 596 20768 24022 1985 732 3103 25775 -1
2845 3397 24271 16792 50064 -1
1206 1642 2572 2255 2628 18674 18390 -1
9242 1416 24013 596 1565 2033 1277 2998 1745 -1
23626 8363 30002 3015 31308 -1
2718 1416 36512 3015 34670 26088 -1
40434 1200 -1
657 12111 44630 596 24271 35532 18390 20252 16627 15445 3015 18396 3015 16907 -1
9652 2255 2628 3015 20252 -1
24266 2500 20252 1985 1004 42668 2572 21413 37234 28421 3015 732 1788 25607 -1
2220 34701 -1
596 24271 1506 844 24495 50852 7602 3428 3015 34685 3015 16907 -1
22185 657 732 870 1416 16444 -1
50852 7602 3015 17439 40819 1926 3311 1036 12085 38486 1004 1330 2718 8363 36512 3015 -1
1788 50852 7602 8723 732 1099 -1
22185 657 -1
1788 1376 350 24271 596 1376 350 31446 1157 3199 3015 2572 50852 350 29487 8215 29435 3015 32692 457 36512 -1
21413 2572 19572 13581 27646 8994 2913 50852 3015 34670 26088 10198 19194 -1
