19980617_0700_0710_VOA_MAN
06/17/1998 7:00:48.23
06/17/1998 7:02:36.35
21413 8994 11736 20010 47292 7680 1815 1888 1318 1003 1548 -1
1200 1155 21442 1004 24702 2913 46835 2155 1159 4072 1294 19768 16844 3015 34670 26088 2878 33676 2710 2903 3015 32035 -1
44394 7680 3015 8188 1829 1200 -1
1815 1888 1318 1003 1548 34742 744 2572 2155 1159 4072 1294 3015 50852 350 40819 25590 24488 26155 -1
508 1259 33107 9027 2847 21608 3015 732 3300 -1
3043 1259 44394 7680 3015 8188 1200 -1
1815 1888 1318 1003 1548 21442 14881 22629 33034 46835 33749 -1
2878 508 1259 27647 17442 15357 3015 732 2718 27976 11408 -1
1815 1888 1318 1003 1548 1259 2572 42763 7680 38280 596 40459 30066 3015 732 889 22581 17257 457 -1
15357 24685 2155 1159 4072 32692 3015 25150 3015 -1
21413 42073 50856 1200 -1
1815 1888 1318 1003 1548 2572 38280 37234 32011 3015 12620 13183 1259 13812 24806 3015 -1
10900 1155 2913 24702 2155 1159 4072 1294 3015 14687 21442 18352 34834 -1
50856 1200 -1
50044 28278 7570 3015 43444 2345 23728 16836 732 889 10709 25634 -1
7931 596 34363 18828 926 2913 2155 1159 4072 1294 24488 23840 28871 -1
50856 24267 1815 1888 1318 1003 1548 -1
32491 25245 2913 2155 1159 4072 1294 3015 34670 26088 -1
29222 2231 44114 657 732 2718 24685 3015 34855 -1
1815 1888 1318 1003 1548 2913 38280 1200 -1
1155 7931 2572 2155 1159 4072 1294 50852 350 40819 1926 2722 1036 24022 2572 1583 26155 -1
1815 1888 1318 1003 1548 2572 38280 2500 596 28723 26147 32011 732 870 12620 -1
12620 9800 27647 42150 2572 46922 7570 7764 24495 2155 1159 4072 1294 -1
34033 9800 20641 29825 25498 -1
