19980606_0730_0735_VOA_MAN
06/06/1998 7:31:00.62
06/06/1998 7:31:35.23
40889 44022 7931 2913 732 889 23914 24488 34189 -1
19194 10757 2572 49951 7546 24488 3015 41971 -1
34033 24002 32810 15648 1004 2576 3068 2625 -1
37191 23914 1259 662 18316 30011 3015 -1
40889 44022 3015 16972 2718 22748 2625 -1
2957 651 38483 2471 2913 23914 24488 34189 -1
37191 23914 14893 11408 689 3460 2000 2625 -1
35443 41389 24488 41971 -1
21413 414 40889 31622 44426 34179 -1
37191 23914 886 689 3460 2000 2625 30059 1985 21072 12401 -1
1747 2231 1259 15648 34364 34140 28533 3015 41977 8999 -1
