19980522_0700_0710_VOA_MAN
05/22/1998 7:03:35.22
05/22/1998 7:04:18.57
8594 1407 3401 38478 23696 1200 -1
19138 19971 22106 596 1033 3015 13587 24337 49441 1004 10757 3015 41971 24488 34236 -1
13925 34179 -1
3073 4407 23100 39719 1157 30066 3015 508 2864 1004 10757 34236 3015 11699 -1
34183 1155 3318 3302 1259 732 2718 9207 8211 2572 1583 3015 1416 -1
732 2237 43990 1678 3388 2572 1583 2339 41718 49441 596 732 3103 25607 37852 1330 1200 -1
662 30058 27646 2085 23390 2997 1374 16761 27646 3015 41969 -1
1259 732 451 3302 21109 3015 7488 -1
732 2237 961 2237 13587 30002 29861 8594 8994 3015 34675 17067 8896 -1
49441 15442 27441 -1
32199 1155 732 476 19087 10757 -1
