19980609_0700_0710_VOA_MAN
06/09/1998 7:02:58.28
06/09/1998 7:03:34.39
49030 653 34674 855 3015 9446 -1
50846 2572 2884 2022 15404 4165 26687 8790 30308 -1
596 29202 1521 886 34333 3015 732 2718 9427 32928 30055 13482 -1
9446 1259 38486 9620 596 50846 24222 3015 732 2718 32928 8354 34654 3015 -1
2884 2022 15404 4165 1200 -1
1155 3015 33749 39719 9458 1985 508 2718 32928 -1
3043 1259 50846 23873 2381 3199 -1
1155 18318 23390 4348 508 2718 31011 -1
4165 2997 3981 4165 3388 3460 12385 732 11408 2884 2022 15404 4165 3100 34333 31011 33030 -1
29222 2345 16464 50846 3015 18587 24506 -1
