19980303_0700_0800_VOA_MAN
03/03/1998 7:25:10.77
03/03/1998 7:27:16.21
28536 15025 596 40455 29762 40455 8994 12085 1985 732 889 9199 3886 1664 3981 443 3015 855 2572 1583 29779 -1
3318 35961 508 2718 612 886 40455 10951 15357 -1
508 1259 40455 8994 1004 19750 508 2718 20714 19833 443 32771 -1
1715 3015 44857 20334 30572 2878 24488 3015 37340 20306 -1
13320 1732 36431 21413 37234 25607 2091 1024 3020 21774 3100 47323 35669 3015 34701 -1
662 2491 3068 1226 35424 -1
40455 47269 2091 1036 1195 1104 3073 30151 16045 1985 -1
2913 3886 1664 3981 443 3015 2572 1583 29779 -1
596 886 18598 30066 30871 25079 1278 -1
1155 2231 8994 29861 -1
2718 32861 3015 2572 1583 38925 25150 3015 12178 13116 332 1985 41389 16045 -1
11177 8994 2572 4290 1664 1152 38085 596 -1
1715 -1
612 19303 3015 12628 8994 34364 12160 13116 -1
4290 1664 1152 38085 19194 8994 3302 7517 12628 -1
34033 596 -1
612 11048 -1
8464 1985 16231 3015 15544 -1
7820 20769 16907 11045 -1
26155 732 476 13108 15017 7970 -1
2091 1036 1104 1195 3073 33750 1200 -1
8994 3302 29861 2572 1583 12628 -1
3043 1259 2913 12628 3015 24674 10340 34761 -1
1155 1200 -1
8994 2913 3886 1664 3981 443 2345 2471 10477 44857 7759 2878 14530 40455 573 15418 34179 31581 -1
8994 3015 23914 34802 1004 18781 14605 17442 28952 -1
3318 32082 21129 596 20347 31011 14787 -1
40455 18395 732 476 2913 1376 3578 1900 7680 32451 3886 1664 3981 443 32692 3015 29759 15357 1985 11736 19971 -1
1376 3578 1900 7680 3015 32451 29759 596 7546 47382 457 469 31225 1985 -1
3015 8946 -1
32193 563 1664 1152 38085 40819 2777 37733 40643 16045 1985 563 3460 3578 3981 1152 26273 15544 3015 15128 -1
40643 30066 1985 732 1656 21935 3063 -1
1155 596 21935 3063 1330 1200 -1
8994 34364 21906 2572 1583 12628 -1
16684 4290 1664 1152 37776 2572 8674 23873 19689 44857 18395 -1
