19980522_0730_0735_VOA_MAN
05/22/1998 7:31:21.48
05/22/1998 7:32:02.88
44054 44667 13693 2572 42655 22597 596 16519 41240 37045 31011 34674 25838 9446 -1
13581 39098 2872 368 41240 3015 12852 1200 -1
38478 9620 596 41240 23526 18894 2999 15045 31766 -1
26046 2572 40172 3015 26955 1299 -1
18396 23677 44667 13693 3015 37870 3100 41240 25925 19497 -1
19233 26955 42655 22597 596 41240 37045 30081 961 28325 3142 28030 3015 9146 -1
18396 2500 23677 44667 3015 23803 2345 17724 9784 3025 41240 3015 11183 -1
3043 1259 -1
17726 16261 20818 2500 49735 -1
