19980507_0730_0735_VOA_MAN
05/07/1998 7:30:01.15
05/07/1998 7:30:34.19
50354 1807 2079 1257 24311 1374 1099 3015 34667 2572 19118 -1
906 596 11070 26273 19774 -1
3043 1259 -1
19417 18318 2559 24536 -1
657 1944 2718 1416 596 30572 457 36512 -1
25694 2718 1416 16444 -1
34771 33749 491 596 24786 11871 -1
713 29696 32518 2710 2903 3015 34667 -1
508 2718 12385 10341 3445 1416 596 1807 2079 1257 29671 17524 26003 19118 17715 -1
713 23626 13629 17554 -1
50354 23873 15981 24267 1200 23870 2345 2913 44630 33676 11736 3015 12320 -1
