19980627_0700_0710_VOA_MAN
06/27/1998 7:08:24.25
06/27/1998 7:09:03.47
21413 15397 26000 3301 1926 2148 596 13504 30066 25079 -1
1155 34179 8946 1058 3596 1551 7542 25464 50171 -1
1155 3015 508 2864 2507 10789 1985 18607 732 1602 4139 1299 -1
26000 3301 1926 2148 38478 596 11808 34179 -1
41840 8946 1376 1565 1923 3981 11047 1058 3596 1551 2938 25464 50171 -1
13504 732 476 25797 7578 1058 3596 1551 32874 50171 3015 32861 -1
22743 1259 -1
44033 732 870 31329 3015 22194 9099 2572 1058 3596 1551 23873 8129 1376 1565 1923 3981 -1
26000 3301 1926 2148 9545 31582 44394 7680 3015 1376 1565 1923 3981 13894 15397 -1
1155 7546 3383 18349 32542 21413 414 40889 31744 -1
