19980630_0900_0905_VOA_MAN
06/30/1998 9:00:05.01
06/30/1998 9:00:40.20
21413 7680 44394 596 2572 8594 27646 40819 24022 26155 8896 -1
25590 596 17639 1077 8594 18395 24488 30301 -1
44394 1259 17639 732 2718 2559 39440 3015 15025 18440 7425 24756 3015 27709 -1
1155 26263 1985 15025 15357 3015 10369 1837 457 27960 24863 17685 11047 16761 3396 37448 3012 29762 3015 13894 -1
15729 44394 3025 17639 11026 43658 33624 1985 662 17639 1257 16677 8255 3015 37852 -1
44394 1259 12385 732 3100 34616 31085 17639 3015 -1
1155 596 34616 2572 8594 27646 8221 41536 24022 1985 28723 26147 -1
