19980403_0700_0800_VOA_MAN
04/03/1998 7:03:05.43
04/03/1998 7:04:19.75
21413 12395 31159 19726 25917 1757 3578 14787 29177 28298 2913 18316 14059 3015 9488 18828 37345 29225 3015 10100 -1
18316 20818 3015 12395 31159 1259 -1
24583 18384 29449 1200 -1
508 2821 34698 657 23542 2913 14787 18316 24310 3015 1416 3015 12399 28202 732 3103 855 3015 31962 -1
18316 20818 24310 13109 14999 7970 -1
38478 508 2718 3401 28361 11048 -1
1407 627 2913 21387 3015 34446 13353 3025 1944 1715 2085 3015 7552 16145 -1
596 38478 13301 3015 24966 457 -1
1407 627 30331 732 21387 -1
508 1259 -1
1715 -1
612 11045 3015 7552 16145 -1
18316 3068 3274 31886 1188 670 2645 2913 25607 34179 -1
1395 657 34363 8994 2471 33676 32035 28957 1407 627 3015 36348 7971 -1
1757 3578 28298 2913 18316 12395 31159 7469 29018 19723 3015 28516 1259 18396 18541 12399 -1
3302 13023 18316 31446 2471 14970 732 889 26273 24310 3015 8999 -1
1757 3578 28298 2500 1200 18316 24583 2500 657 12111 19140 3015 31036 -1
10907 12395 31159 18318 1259 -1
