19980527_0900_0905_VOA_MAN
05/27/1998 9:03:43.59
05/27/1998 9:04:20.05
46835 2155 1159 4072 1294 3015 3500 3596 35129 350 27924 1200 -1
1004 24702 2764 31011 34670 26088 2878 37134 3379 12385 2572 47292 11047 46835 31446 24022 3015 26155 906 596 744 14636 24488 -1
50852 350 27924 1829 1200 -1
14636 26155 1259 10900 15648 3015 40819 1926 2722 1036 491 596 21413 24488 29686 -1
27924 1829 1200 -1
26155 23542 651 45978 26273 -1
10092 1926 2722 1036 2345 886 21413 8994 33317 50852 7602 3015 22642 -1
34033 11886 41840 3015 34834 -1
37176 24685 2155 1159 4072 30580 3015 14693 -1
