19980305_0700_0800_VOA_MAN
03/05/1998 7:03:11.53
03/05/1998 7:03:44.81
2220 34701 1376 2876 1003 4165 34771 33749 34796 1985 2155 1159 4072 1294 3015 2000 2718 50852 7602 32056 -1
50852 25607 1200 -1
1376 350 23873 9460 1985 32055 28980 3015 31036 -1
9242 32056 2220 1200 1259 25840 3015 50852 30457 33749 3015 8535 -1
34701 9983 24054 3015 26509 -1
31453 32518 39461 2452 31766 34650 3015 16743 -1
7546 1376 350 24271 2572 11408 7759 3015 50852 7602 8895 30002 32692 31308 8727 -1
2718 1416 1366 1308 -1
1551 457 34802 -1
1788 24271 -1
9245 3015 24040 18318 16982 24536 -1
