19980303_0700_0800_VOA_MAN
03/03/1998 7:36:32.86
03/03/1998 7:38:07.08
41466 13877 744 2171 732 2171 -1
21413 29762 -1
21413 38505 443 732 2718 17581 29938 -1
12385 732 7469 33721 -1
18329 21413 3015 17503 30123 7570 21413 3015 39078 23783 1985 732 1788 23977 14887 2008 18909 3015 22211 -1
14168 1985 2764 443 3015 2857 19541 2866 -1
13320 1732 36431 21413 37234 25607 3500 3020 1386 3100 20364 35669 3015 34701 -1
662 15156 35424 -1
508 2718 15776 3478 3015 43066 1259 -1
1167 3015 44889 -1
35581 -1
1715 1521 21413 39078 29992 35581 1259 732 1788 14887 2008 510 8896 -1
2345 1155 23783 -1
10900 39078 21067 27774 14887 2008 510 33852 32874 39078 2452 31582 39078 22211 -1
18318 35581 3015 21896 1004 35581 24488 1985 32907 3015 34236 -1
1155 1200 -1
39078 3015 508 2718 27774 14168 1985 38505 443 3015 2857 19541 2866 -1
14887 2008 510 739 16464 38505 443 2857 19541 2866 3015 34766 -1
35581 2913 29938 3015 33721 34179 28661 -1
1155 1200 -1
1155 19614 26273 1155 3015 39078 22211 3015 8868 -1
35581 1200 -1
35581 1200 -1
973 18329 39078 26088 1259 732 889 29636 2587 3015 26088 -1
973 1004 973 1259 732 2718 1277 6987 754 3015 1416 28826 12272 -1
973 1004 973 3015 41595 -1
973 3015 31276 2652 2572 973 1004 479 25374 3015 30613 2878 28826 12272 -1
33886 39078 7570 3015 732 991 42680 1435 34179 -1
18176 657 34363 3015 2507 -1
39078 2345 886 38505 45004 2572 22586 29931 15357 17581 -1
