19980523_0730_0735_VOA_MAN
05/23/1998 7:30:03.85
05/23/1998 7:30:39.26
50354 2619 34452 596 30457 2696 31631 855 8994 45813 -1
855 17598 3015 24310 33692 2572 25159 25385 16732 14852 33750 2184 1152 3981 1815 1152 34179 -1
9668 21110 11408 15338 24022 31704 3015 26767 -1
1155 1200 -1
8994 12133 24022 31704 -1
2085 9092 18395 3015 8946 -1
596 1955 732 29762 855 8994 3015 12498 33750 16464 732 2718 27647 7570 3015 20010 -1
3107 1416 596 732 36037 961 10752 32594 9458 42875 19612 -1
644 961 1788 25607 9652 17902 3015 16743 10369 -1
