19980603_0900_0905_VOA_MAN
06/03/1998 9:03:23.31
06/03/1998 9:04:03.36
27414 28451 22581 2471 1200 1155 2345 44012 596 38721 23728 16836 18598 3068 35093 -1
2764 7570 1200 1155 2572 8994 2345 2231 7578 508 732 11727 33718 13894 2878 24022 3015 26155 12080 19684 -1
27414 28451 22581 2471 -1
10369 35093 3015 23926 1269 18396 31581 596 27414 24310 14177 18287 25462 3015 14893 -1
28439 17952 23542 2471 32771 13314 -1
35093 35634 22071 16981 24022 -1
27414 28451 22581 2471 39719 24022 1985 22432 3015 35093 -1
23626 28439 17051 28421 -1
34033 11408 31225 2710 2903 3015 17030 33929 -1
