19980315_0700_0800_VOA_MAN
03/15/1998 7:03:00.88
03/15/1998 7:03:34.30
18316 16507 36412 44458 30258 50354 7680 39279 30330 7807 2913 12620 3015 32812 -1
28952 10752 13109 14177 3015 24310 -1
36412 44458 596 38383 33624 1985 2000 2718 876 32154 35249 3015 16513 2471 8896 1200 -1
1155 18519 39279 7680 2471 1004 1985 9423 24310 14177 7469 34363 3015 10564 3015 23926 -1
39279 7680 2913 36412 1943 1143 34179 -1
1155 2345 33676 22228 3015 8999 -1
3043 1259 1155 1200 -1
27647 17442 739 10702 33676 28482 22228 3015 22642 -1
