19980628_0700_0710_VOA_MAN
06/28/1998 7:05:55.33
06/28/1998 7:06:47.40
2220 34703 -1
11164 7680 2619 1152 1815 25634 29686 20364 -1
596 40889 31821 1330 30066 25079 -1
41840 10474 10783 35728 21413 27924 3015 26509 -1
2619 1152 1815 7680 25634 24147 596 40889 31821 1330 29985 -1
508 1259 368 732 2237 40148 11164 2724 11045 -1
2997 732 991 11164 27646 10045 32520 40889 31821 -1
21413 7680 44394 35634 1077 732 1099 596 40889 31821 1330 30066 25079 -1
33886 21413 27924 34179 -1
1837 4195 2000 2625 16513 21442 25634 24022 26151 -1
20818 2500 3302 18894 -1
2619 1152 1815 7680 596 40889 31821 1330 25079 3015 8223 1259 16875 -1
44394 7680 34483 37157 16907 34197 744 644 11164 16839 14452 27960 37792 3015 9915 -1
34033 34179 -1
1155 13502 596 26687 7521 3015 25958 1330 1837 4195 2000 2625 20537 31304 9224 3015 2572 2291 -1
