19980624_0900_0905_VOA_MAN
06/24/1998 9:01:17.46
06/24/1998 9:01:52.16
3692 1565 547 3383 2831 6999 3015 22581 16507 2091 1747 1980 19012 14205 744 31076 38734 24488 3015 12037 -1
32491 10369 29762 33676 2710 2903 3015 32035 713 18528 12037 1259 7764 28274 2572 23529 3015 -1
2091 1747 1980 19012 1200 -1
27647 17442 18176 3302 24685 508 2718 13894 -1
1747 2345 1269 3183 21109 22642 3015 42655 2559 1738 25590 33613 12037 -1
42655 732 476 596 34710 15648 3015 44911 16464 23409 -1
11047 18541 16792 12498 21432 3015 25915 -1
