19980302_0700_0800_VOA_MAN
03/02/1998 7:35:37.13
03/02/1998 7:36:31.19
41571 3015 29938 27924 2572 1521 22581 16507 44410 19012 3015 8188 1200 -1
44410 19012 596 3379 12385 18533 16443 3015 16907 -1
3302 2471 657 39902 32525 1004 1155 34236 -1
15648 1200 -1
44410 19012 596 699 7640 13703 3015 8805 2878 24806 17285 1278 -1
21442 1470 1416 31622 1155 32525 3015 25634 -1
44410 2500 2345 596 2000 2718 12385 2535 24806 732 2718 47822 3015 17290 -1
7535 1259 1155 2572 3383 18662 3015 50117 26687 28213 -1
44410 19012 2913 11039 3015 8805 10198 29223 -1
1155 1200 -1
9242 8805 1259 35523 8976 30577 -1
44410 19012 2572 41571 22581 16507 26920 1330 2718 612 24806 732 889 25634 -1
28516 37191 25634 -1
18176 44410 3383 30665 -1
1155 2231 22629 3383 17467 -1
3037 1488 9800 1155 26252 597 25722 24022 3015 12037 457 24188 -1
