19980326_0900_1000_VOA_MAN
03/26/1998 9:56:40.79
03/26/1998 9:57:22.58
21413 7680 44394 491 596 20709 29686 -1
7448 2997 732 1412 596 991 19612 29686 20709 3015 21413 7680 -1
1155 28826 29636 12373 -1
596 24806 20709 7680 40611 3015 9024 26463 8896 -1
44394 2345 886 20709 10951 30066 11634 -1
10092 1155 2345 596 25079 457 9660 20709 3100 732 2718 29482 2572 1246 21148 3015 27646 8073 32874 27647 17442 3015 732 2718 21109 32861 -1
44394 596 31085 41212 8891 -1
29686 1985 2396 1747 -1
40745 2572 38883 -1
1155 2500 2345 29686 3315 3567 1036 1747 2572 46833 2535 29825 21413 -1
