19980404_0700_0800_VOA_MAN
04/04/1998 7:03:21.83
04/04/1998 7:04:21.71
50117 40819 40057 1200 -1
1155 3015 33749 11070 8407 30202 1985 50117 38085 596 41571 3015 732 2718 9427 8395 -1
1155 2500 30258 14812 8994 3015 45498 29825 50117 -1
19126 1659 40819 40057 38483 596 50117 30868 1330 1200 -1
1155 3015 33749 11070 8407 31225 1985 38085 596 41571 34628 25955 3483 1688 5293 3015 23390 1444 -1
3483 1688 5293 1259 50117 23390 3015 7548 732 2718 8217 32931 -1
50117 26608 33749 1330 2718 12385 9458 1985 3483 1688 5293 -1
34033 3455 508 2718 25955 35972 1985 8994 33749 -1
40057 2500 2913 26608 18366 1200 -1
18176 15648 29825 50117 -1
27536 3015 732 1490 2408 1017 3302 2232 -1
40057 2500 26763 14645 732 4332 30307 26920 -1
50117 18329 26920 1259 9879 3015 47701 -1
7546 2421 2718 12385 50117 10900 20599 2821 1979 2572 32861 14812 8994 2878 16464 11727 31962 -1
