19980220_0700_0800_VOA_MAN
02/20/1998 7:05:59.69
02/20/1998 7:06:31.30
42763 2997 732 42472 3844 3835 336 2800 1200 -1
1155 3302 7931 596 926 732 3103 3015 31704 457 24188 7680 -1
38478 -1
29953 -1
50090 -1
30066 1985 2913 3844 3835 336 2800 3015 732 1604 33687 1200 -1
3844 3835 336 2800 3318 21442 20219 38280 23542 7931 2997 1374 3103 24188 7680 3015 41151 -1
3844 3835 336 2800 1259 42763 24310 28952 3015 27976 18375 -1
1155 1200 -1
38280 22534 7680 3302 2471 1259 341 2505 3015 24719 -1
10900 42763 1416 8727 2471 8918 24560 2471 657 39538 3015 24041 -1
