19980505_0700_0710_VOA_MAN
05/05/1998 7:00:33.68
05/05/1998 7:01:43.57
21413 42073 50856 38486 2572 38193 2428 49949 40819 24022 2997 2875 1099 3015 31555 26155 -1
20306 26273 457 2955 2572 1583 15544 -1
21413 42072 3015 732 991 42680 1200 -1
12385 732 3015 2997 732 1898 26155 21442 22181 12415 3015 8963 16045 9242 16731 14063 35249 3015 26155 2471 32518 14730 -1
50856 42073 2345 16508 2572 38193 7689 50887 2690 2273 9636 -1
508 1259 7820 12385 732 21818 26155 23728 11045 -1
50856 2572 50887 8895 3015 1374 3103 26151 -1
50856 1200 -1
1153 3015 1759 3015 1259 596 38193 10702 3455 30221 37958 13592 3015 14683 35972 49949 3015 13894 1330 18547 50887 9561 1155 15357 3015 16271 -1
38193 1200 -1
1155 7551 469 9914 25001 31677 3445 2827 479 1282 3015 14683 -1
50856 38486 36770 16907 2345 9715 2572 49949 40819 50017 24488 12623 -1
50017 37976 24806 21413 15357 3015 25150 -1
739 2231 1259 38193 25001 3445 2827 479 16975 3015 37958 13592 3015 14683 -1
