19980630_0900_0905_VOA_MAN
06/30/1998 9:03:50.54
06/30/1998 9:04:32.53
596 30802 21413 7680 44394 333 14084 11047 29694 15984 732 3478 457 8401 8960 15404 1565 20284 34179 -1
1153 10900 14817 36206 2572 1521 35066 39525 3748 985 3981 2446 3015 15546 2878 16464 3302 28274 3015 8790 -1
37191 30802 2231 1259 10900 1153 1070 1920 15546 20568 2878 10789 3015 -1
15404 1565 20284 35634 38486 886 3068 44529 7440 -1
1153 886 41840 10474 34179 -1
1153 19671 13502 12870 10369 1153 33524 1521 35066 39525 3748 985 3981 2446 2085 2731 340 44394 7680 3015 16053 -1
15404 1565 20284 14817 3455 1153 2572 3748 985 3981 2446 3015 15546 36206 13328 -1
3748 985 3981 2446 7822 1153 2572 44394 7680 657 7182 27960 -1
