19980305_0700_0800_VOA_MAN
03/05/1998 7:05:54.18
03/05/1998 7:06:35.35
10757 1374 2718 8217 8998 596 10951 12037 457 2938 21442 10654 30218 -1
14134 15648 491 596 1004 31225 7574 855 8994 3015 18623 2878 9471 24854 -1
3025 20818 14122 -1
10951 8768 2421 2718 13476 2500 21442 18526 -1
39917 596 10951 12037 457 10654 1985 -1
2718 13476 -1
3367 7574 855 8994 1157 12133 3015 30218 1323 1985 -1
941 -1
22581 9138 3035 2572 732 2924 2559 657 16718 3015 44265 10654 3015 36354 41397 39917 -1
28516 10757 3015 29942 -1
1424 20769 8998 2085 7574 855 8994 3015 23926 744 662 27646 7680 1745 1747 4165 1741 7469 -1
