19980316_0700_0800_VOA_MAN
03/16/1998 7:15:44.02
03/16/1998 7:19:56.04
37303 44394 840 17951 3015 28966 3015 21896 1829 1200 -1
15648 15343 2715 29938 3015 13963 17262 -1
44394 7680 2913 2421 1788 28966 24488 1985 1077 732 451 29759 3015 840 17951 -1
3043 1259 44394 3015 21896 18329 -1
29013 17292 508 2718 35186 3015 29955 2559 23542 2471 33960 508 2718 35186 -1
36431 21413 37234 25607 953 1815 2879 3100 41840 35669 3015 34701 -1
662 20254 1099 35424 -1
657 2000 1788 28966 275 2091 18788 2572 1521 35066 28421 18366 3731 3928 1974 1012 2024 8805 44394 30774 15642 -1
368 508 2356 32619 19617 11045 -1
508 1259 21413 1416 2997 732 3103 20537 23677 44394 7680 3015 29938 8967 -1
44394 16464 8649 -1
3318 596 12075 8896 29223 2913 1155 3015 15653 840 17951 8805 -1
18788 3015 21896 38478 28361 1985 44394 3015 8967 -1
855 28361 3015 508 1555 3445 738 13963 2033 2500 34802 3731 3928 1975 -1
1012 2024 20284 3015 8805 -1
1012 2024 8805 44394 732 2237 2237 1374 1715 596 39006 43867 732 3103 15994 25219 1278 29144 1153 -1
1012 2024 1259 2231 18788 732 3478 886 29938 15357 11039 8967 3015 -1
28361 34802 1012 2024 8967 596 1730 3015 9242 13963 -1
1259 1004 1985 1269 29955 13023 -1
18788 3015 840 17951 3478 1259 532 3017 417 2321 3015 -1
10705 24488 17290 -1
18788 20284 1200 -1
1555 1715 1521 -1
31432 3015 44050 443 8345 44394 30774 1985 1153 -1
18788 3015 21896 8813 -1
1012 2024 3015 8967 34183 -1
44394 668 1077 732 451 29759 2913 28966 24488 840 17951 -1
18788 3015 8217 21896 2174 34578 38479 596 48842 27799 28298 3015 30871 33687 24756 2033 30066 1985 19718 -1
2174 34578 1200 -1
2231 887 13877 596 28917 13963 457 1157 15357 3015 -1
13877 18329 -1
1012 2024 20284 3015 8967 8962 1985 13877 20306 596 508 2356 15776 3478 457 1157 18524 3015 732 451 12292 20985 -1
44394 3015 21896 44102 1200 -1
1155 18329 -1
508 2718 35186 2559 657 23542 3302 3383 16452 -1
1155 596 21413 27799 28298 3015 732 2718 49252 457 8813 -1
1012 2024 596 12075 8896 -1
16050 45058 -1
1153 3015 16053 2345 12882 9199 44394 3015 508 2718 35186 -1
44102 1200 -1
7680 2913 1012 2024 3015 25079 28826 25791 33879 -1
10900 2220 13877 1157 482 -1
1722 33852 3455 1012 2024 1200 3196 1259 732 2718 2557 44394 3015 1416 -1
1153 3015 20757 2507 1269 13877 2559 33879 -1
7680 739 28826 47328 -1
3043 1259 18788 3015 21896 2174 34578 8790 1200 -1
44394 2572 1155 3015 44911 1829 30055 1985 732 3237 19156 3015 28412 -1
7588 15984 32835 -1
11834 23542 15348 2913 7680 33865 3015 8967 3015 8960 -1
2174 34578 1200 -1
13877 38478 15348 3015 8963 13182 -1
15648 3015 1433 14205 1985 10369 18384 -1
15648 2913 10369 18384 3015 18387 24488 1985 14205 -1
2913 15648 3015 28421 2572 2718 1416 17221 24488 1985 14205 -1
644 3107 14893 -1
44394 7680 2572 1155 3015 28710 28039 1829 43644 596 22185 732 2718 35186 2033 1004 7807 34236 -1
508 2718 35186 1259 18788 3478 10789 3015 -1
1259 732 2718 45852 -1
41840 3015 732 2718 3068 44529 25590 17292 44394 1259 2801 2572 1521 35066 39525 3748 983 3981 2446 10330 27960 -1
3318 596 12075 8896 2231 508 2356 1261 18057 -1
30133 24876 1155 1416 18057 -1
44394 2913 9242 8805 739 10198 29223 -1
3043 1259 -1
39719 -1
1012 2024 2913 20769 3068 44529 15357 3015 1153 8967 1269 30457 41577 3981 1152 3596 657 1985 2710 2903 23542 3302 22653 44394 3015 8963 -1
