19980326_0700_0800_VOA_MAN
03/26/1998 7:09:10.64
03/26/1998 7:10:02.13
46461 23870 27924 1200 -1
596 46461 34628 -1
2572 30646 29525 30002 3015 32692 457 -1
8994 2191 31930 1985 8727 36561 -1
44674 21317 45498 -1
27924 1829 1200 -1
38481 596 44674 21317 7570 9460 3015 1868 2123 2091 1765 499 28980 34674 3015 9446 457 -1
657 1944 1788 45498 3383 31930 -1
1868 2123 2091 1765 499 14026 34628 732 1091 8401 3015 9427 28321 1330 -1
7820 -1
1715 11045 -1
8994 2191 732 476 16627 9458 508 2718 31036 -1
22185 2500 657 1190 1788 44674 21317 2914 -1
21317 45498 596 2433 2019 1679 1548 499 28980 -1
2572 8994 2191 3015 32692 457 36512 -1
44674 7570 2500 21442 2913 9242 9421 -1
30066 19718 -1
21317 24688 7570 1004 46461 17498 350 4208 44674 1416 25164 1985 732 2718 30457 25498 -1
24488 1985 35484 16972 1715 3015 9446 -1
