19980224_0700_0800_VOA_MAN
02/24/1998 7:08:58.19
02/24/1998 7:09:48.47
41571 42655 40819 18045 2079 953 1200 -1
1155 2345 44012 2913 41571 40819 26920 15357 19471 -1
23392 1155 2913 2000 1542 8976 20903 16743 35712 9581 -1
18045 2079 953 38486 1200 -1
1155 2345 31622 2000 1788 28966 2913 26920 24488 19471 -1
508 2000 1788 28966 3015 9367 1259 12641 3383 14626 3015 22581 16507 2091 1747 1980 19012 3015 23864 -1
596 18642 24611 30002 9000 8896 3383 17902 -1
40889 18391 28421 18366 1200 -1
26920 3015 33749 596 18642 19584 9000 8896 32452 1985 2091 1747 1980 19012 3015 15907 2718 21327 -1
26920 12385 732 24267 1200 -1
18176 18045 2079 953 2913 1155 24488 19471 -1
41571 2471 32518 43226 3015 16781 10386 -1
