19980626_0700_0710_VOA_MAN
06/26/1998 7:06:49.27
06/26/1998 7:07:53.01
38193 2572 40964 24989 9444 2572 533 1021 18366 11146 3015 28421 24495 2997 2875 24782 -1
38193 38478 16684 1985 36561 40964 9444 -1
15648 596 38193 23390 926 3015 40964 20714 34333 31011 3383 35972 27647 48432 -1
10092 38193 596 38478 2500 2471 597 16684 13674 1788 596 795 3015 44899 2572 3500 1873 2057 9793 32861 -1
38193 29762 34179 -1
26010 3015 9444 2938 21442 8853 33613 2620 13482 38193 3015 12320 -1
38193 2500 34179 -1
20818 2500 657 2000 1788 35728 40431 22190 596 795 -1
15648 1259 3469 3388 3020 2572 1715 2085 3844 2091 3844 -1
15648 2345 3383 7448 46373 3015 32635 713 26012 10369 732 1788 17025 3015 38193 42577 3015 12852 -1
38480 -1
38193 3455 1190 36561 40964 45498 3015 16990 1185 1017 43796 -1
10531 26416 18642 24147 596 40964 3383 31930 3015 732 1788 38193 14732 30323 3015 11146 -1
