19980413_0900_0905_VOA_MAN
04/13/1998 9:01:08.22
04/13/1998 9:02:19.67
29013 30787 49850 2572 1583 15544 3015 1521 21413 43557 1815 1537 3596 12385 732 19233 35066 30491 44394 7680 29686 508 2718 31011 -1
1815 1537 3596 1200 -1
1004 341 0 18526 49850 2572 1583 12620 -1
12133 596 508 2718 31011 24022 28319 2697 2196 -1
44394 7680 596 18586 2697 2196 8891 -1
8407 29686 50858 2572 42837 -1
2345 25467 18396 2913 508 732 12620 3015 8946 -1
508 2000 2718 30308 3015 43243 1416 34364 596 -1
612 -1
2584 3015 14798 457 24806 508 732 12620 -1
29222 12620 34364 8407 12178 -1
33624 49850 26155 3015 15544 18366 27536 35916 732 476 596 16627 16052 15648 3015 44948 -1
1004 2572 1583 15348 732 2718 25915 -1
1741 35398 8994 27924 596 34616 24022 2997 1374 1099 3015 35728 26155 -1
16231 2500 21442 24819 32011 12620 -1
35398 13502 596 15427 10369 1259 33108 9413 19612 29487 3015 25508 14644 3015 13894 8891 -1
27414 2231 31991 1004 35398 15348 -1
36772 26525 -1
3043 1259 27414 34179 -1
508 2000 2718 13894 34364 14893 24685 -1
16231 35634 38721 2875 597 24022 26155 -1
