19980317_0900_1000_VOA_MAN
03/17/1998 9:06:16.96
03/17/1998 9:06:53.53
21413 14452 31886 36108 9715 26763 38193 15000 596 49949 22194 1330 12368 38093 42880 -1
713 9092 26273 457 2955 2572 1583 24516 -1
36108 1259 38486 9620 596 35932 2572 49949 40819 50017 -1
24022 26151 8896 -1
30066 17586 17257 3015 -1
50017 2913 508 2718 17257 34179 26463 -1
1155 18329 508 1259 50171 30059 3015 732 2718 21072 2572 10355 3015 12401 -1
36108 491 596 2913 38193 2572 49949 24488 29686 -1
29686 34802 7651 2955 45719 732 2718 657 9088 3015 38093 42880 -1
