19980316_0900_1000_VOA_MAN
03/16/1998 9:56:36.15
03/16/1998 9:57:13.64
29953 34179 25590 29861 1424 29482 3015 46832 25464 50171 -1
29953 38988 1200 -1
1424 46832 25464 50171 2345 19689 27647 17442 30081 1190 1715 2085 -1
32081 46832 16839 1072 732 3015 20306 -1
46832 39037 7602 3455 32810 46832 14658 8994 8229 -1
7448 33624 15544 3015 15128 -1
24435 29953 13502 14636 15544 -1
3012 3025 2717 2847 2938 1728 33624 3015 16907 596 24022 -1
3043 1259 29953 14881 596 -1
612 -1
2584 -1
23728 644 46832 24488 15544 -1
