片名,people,score,世界觀,作品劇情,動畫品質,勵志,大眾取向,心靈治癒,感動,熱血,男性取向,發人深省,聲優配音,角色設定,輕鬆歡樂,重視思考,音樂音效,題材創意
神裝少女小纏,0.0485788113695,0.927835051546,0.0,0.325581395349,0.33734939759,0.0,0.0,0.0,0.0,0.0,0.0,0.0,0.555555555556,0.481012658228,0.344827586207,0.0,0.0,0.0
競女!!!!!!!!,0.00878552971576,0.886597938144,0.0,0.0,0.530120481928,0.0,0.0,0.0,0.0,0.593406593407,0.0,0.0,0.666666666667,0.569620253165,0.0,0.0,0.0,0.753623188406
混沌之子,0.00754521963824,0.948453608247,0.0,0.53488372093,0.373493975904,0.0,0.0,0.0,0.0,0.0,0.0,0.0,0.0,0.303797468354,0.0,0.0,0.253012048193,0.449275362319
我們仍未知道那天所看見的花名。,0.434935400517,0.979381443299,0.0,0.895348837209,0.578313253012,0.0,0.0,0.630136986301,1.0,0.0,0.0,0.0,0.0,0.607594936709,0.0,0.0,0.0,0.0
這樣算是殭屍嗎？,0.202377260982,0.896907216495,0.0,0.651162790698,0.638554216867,0.0,0.0,0.0,0.0,0.0,0.0,0.0,0.0,0.822784810127,0.586206896552,0.0,0.0,0.68115942029
線上遊戲的老婆不可能是女生？,0.139018087855,0.938144329897,0.0,0.383720930233,0.44578313253,0.0,0.0,0.0,0.0,0.0,0.0,0.0,0.492063492063,0.556962025316,0.494252873563,0.0,0.0,0.0
ACCA13 區監察課,0.00537467700258,0.969072164948,0.0,0.732558139535,0.55421686747,0.0,0.0,0.0,0.0,0.0,0.0,0.0,0.603174603175,0.430379746835,0.0,0.545454545455,0.0,0.0
夏目友人帳 伍,0.114211886305,1.0,0.0,0.651162790698,0.361445783133,0.0,0.0,0.849315068493,0.607594936709,0.0,0.0,0.0,0.492063492063,0.0,0.0,0.0,0.0,0.0
Fate/Grand Order,0.00764857881137,0.948453608247,0.739726027397,0.732558139535,0.66265060241,0.0,0.0,0.0,0.0,0.0,0.0,0.0,0.888888888889,0.911392405063,0.0,0.0,0.0,0.0
IS 〈Infinite Stratos〉,0.221602067183,0.886597938144,0.0,0.604651162791,0.807228915663,0.0,0.0,0.0,0.0,0.0,0.0,0.0,0.809523809524,0.835443037975,0.0,0.0,0.0,0.565217391304
零之使魔,0.15142118863,0.896907216495,0.0,0.779069767442,0.469879518072,0.0,0.0,0.0,0.0,0.0,0.0,0.0,1.0,0.860759493671,0.0,0.0,0.0,0.492753623188
為美好的世界獻上祝福！ 第二季,0.0728682170543,1.0,0.0,0.441860465116,0.0,0.0,0.0,0.0,0.0,0.0,0.0,0.0,0.507936507937,0.443037974684,0.505747126437,0.0,0.0,0.31884057971
你的名字,0.148010335917,1.0,0.0,0.593023255814,0.626506024096,0.0,0.0,0.0,0.518987341772,0.0,0.0,0.0,0.0,0.354430379747,0.0,0.0,0.457831325301,0.0
奇蹟少女 KOBATO.,0.0356589147287,0.907216494845,0.0,0.720930232558,0.566265060241,0.0,0.0,0.753424657534,0.556962025316,0.0,0.0,0.0,0.0,0.607594936709,0.0,0.0,0.0,0.0
乒乓,0.0195348837209,0.958762886598,0.0,0.813953488372,0.0,0.520547945205,0.0,0.0,0.329113924051,0.626373626374,0.0,0.0,0.0,0.632911392405,0.0,0.0,0.0,0.0
第一神拳 Rising,0.0187080103359,0.969072164948,0.0,0.53488372093,0.55421686747,0.452054794521,0.0,0.0,0.0,0.747252747253,0.0,0.0,0.0,0.481012658228,0.0,0.0,0.0,0.0
烏菈菈迷路帖,0.00423772609819,0.989690721649,0.0,0.0,0.638554216867,0.0,0.0,0.58904109589,0.0,0.0,0.0,0.0,0.460317460317,0.544303797468,0.471264367816,0.0,0.0,0.0
蠟筆小新,0.0219121447028,0.917525773196,0.0,0.697674418605,0.0,0.0,0.53125,0.0,0.0,0.0,0.0,0.0,0.0,0.79746835443,0.574712643678,0.0,0.0,0.724637681159
影子籃球員,0.0811369509044,0.948453608247,0.0,0.697674418605,0.734939759036,0.0,0.0,0.0,0.0,0.78021978022,0.0,0.0,0.634920634921,0.886075949367,0.0,0.0,0.0,0.0
忍者哈特利,0.00558139534884,0.783505154639,0.0,0.709302325581,0.0,0.0,0.59375,0.0,0.0,0.0,0.0,0.0,0.0,0.886075949367,0.379310344828,0.0,0.0,0.768115942029
進擊的巨人,0.330335917313,0.979381443299,0.698630136986,0.918604651163,0.819277108434,0.0,0.0,0.0,0.0,0.0,0.0,0.0,0.0,0.0,0.0,0.0,0.542168674699,0.666666666667
只想告訴你,0.0839276485788,0.938144329897,0.0,0.883720930233,0.530120481928,0.0,0.0,0.0,0.569620253165,0.0,0.0,0.0,0.84126984127,0.860759493671,0.0,0.0,0.0,0.0
我太受歡迎了該怎麼辦,0.0798966408269,0.969072164948,0.0,0.418604651163,0.385542168675,0.0,0.0,0.0,0.0,0.0,0.0,0.0,0.619047619048,0.506329113924,0.551724137931,0.0,0.0,0.0
賭博默示錄,0.0112661498708,0.948453608247,0.0,0.941860465116,0.0,0.0,0.0,0.0,0.0,0.0,0.0,1.0,0.0,0.53164556962,0.0,0.954545454545,0.0,0.985507246377
湯姆與傑利,0.0035142118863,0.886597938144,0.0,0.581395348837,0.0,0.0,0.6875,0.0,0.0,0.0,0.0,0.0,0.0,0.696202531646,0.804597701149,0.0,0.0,0.724637681159
Code Geass 反叛的魯路修 R2,0.317416020672,0.979381443299,0.0,0.988372093023,0.55421686747,0.0,0.0,0.0,0.0,0.0,0.0,0.0,0.571428571429,0.936708860759,0.0,0.0,0.0,0.623188405797
Angel Beats！,0.537054263566,0.969072164948,0.0,0.860465116279,0.746987951807,0.0,0.0,0.0,0.683544303797,0.0,0.0,0.0,0.0,0.594936708861,0.0,0.0,0.55421686747,0.0
琴浦小姐,0.0502325581395,0.917525773196,0.0,0.860465116279,0.0,0.0,0.0,0.0,0.708860759494,0.0,0.0,0.590909090909,0.0,0.73417721519,0.0,0.0,0.0,0.608695652174
北極熊咖啡廳,0.0312144702842,0.948453608247,0.0,0.0,0.0,0.0,0.0,0.72602739726,0.0,0.0,0.0,0.0,0.809523809524,0.569620253165,0.83908045977,0.0,0.0,0.536231884058
地球防衛少年,0.0160206718346,0.927835051546,0.0,0.93023255814,0.0,0.0,0.0,0.0,0.0,0.0,0.0,0.848484848485,0.0,0.658227848101,0.0,0.0,0.361445783133,0.753623188406
航海王,0.218604651163,0.958762886598,0.0,0.953488372093,0.409638554217,0.0,0.0,0.0,0.0,0.373626373626,0.0,0.0,0.0,0.924050632911,0.0,0.0,0.0,0.724637681159
記錄的地平線,0.0728682170543,0.948453608247,0.958904109589,0.93023255814,0.506024096386,0.0,0.0,0.0,0.0,0.0,0.0,0.0,0.0,0.886075949367,0.0,0.0,0.0,0.579710144928
嘟嘟貓觀察日記,0.00692506459948,0.886597938144,0.0,0.43023255814,0.0,0.0,0.828125,0.876712328767,0.0,0.0,0.0,0.0,0.0,0.582278481013,0.919540229885,0.0,0.0,0.0
FAIRY TAIL 魔導少年,0.188010335917,0.948453608247,0.0,0.732558139535,0.518072289157,0.0,0.0,0.0,0.0,0.637362637363,0.0,0.0,0.52380952381,0.772151898734,0.0,0.0,0.0,0.0
涼宮春日的憂鬱,0.239069767442,0.927835051546,0.0,0.744186046512,0.566265060241,0.0,0.0,0.0,0.0,0.0,0.0,0.0,0.857142857143,0.911392405063,0.0,0.0,0.0,0.68115942029
忍者亂太郎,0.0105426356589,0.835051546392,0.0,0.627906976744,0.0,0.0,0.5,0.0,0.0,0.0,0.0,0.0,0.0,0.911392405063,0.494252873563,0.0,0.0,0.811594202899
鑽石王牌,0.029354005168,0.948453608247,0.0,0.593023255814,0.530120481928,0.58904109589,0.0,0.0,0.0,0.769230769231,0.0,0.0,0.0,0.569620253165,0.0,0.0,0.0,0.0
悠悠哉哉少女日和,0.0374160206718,0.948453608247,0.0,0.0,0.722891566265,0.0,0.0,0.890410958904,0.0,0.0,0.0,0.0,0.809523809524,0.721518987342,0.919540229885,0.0,0.0,0.0
少女編號,0.0105426356589,0.865979381443,0.0,0.581395348837,0.710843373494,0.0,0.0,0.0,0.0,0.0,0.0,0.0,0.904761904762,0.696202531646,0.0,0.0,0.0,0.478260869565
伯納德小姐說。,0.00568475452196,0.855670103093,0.0,0.337209302326,0.0,0.0,0.0,0.0,0.0,0.0,0.0,0.0,0.539682539683,0.316455696203,0.540229885057,0.0,0.0,0.623188405797
Love Live! 學園偶像計畫,0.142739018088,0.969072164948,0.0,0.488372093023,0.66265060241,0.0,0.0,0.0,0.0,0.0,0.0,0.0,0.936507936508,0.708860759494,0.0,0.0,0.795180722892,0.0
超自然 9 人組,0.00754521963824,0.896907216495,0.0,0.790697674419,0.493975903614,0.0,0.0,0.0,0.0,0.0,0.0,0.0,0.730158730159,0.721518987342,0.0,0.0,0.0,0.724637681159
殺老師 Q！,0.0319379844961,0.989690721649,0.0,0.0,0.385542168675,0.0,0.0,0.0,0.0,0.0,0.0,0.0,0.444444444444,0.316455696203,0.528735632184,0.0,0.0,0.289855072464
幼女戰記,0.0602583979328,0.969072164948,0.520547945205,0.639534883721,0.44578313253,0.0,0.0,0.0,0.0,0.0,0.0,0.0,0.587301587302,0.455696202532,0.0,0.0,0.0,0.0
星夢手記,0.00444444444444,0.773195876289,0.0,0.0,0.469879518072,0.0,0.0,0.0,0.0,0.0,0.36,0.0,0.587301587302,0.379746835443,0.0,0.0,0.44578313253,0.0
鞋貓劍客,0.00330749354005,0.886597938144,0.0,0.0,0.939759036145,0.0,0.875,0.0,0.0,0.0,0.0,0.0,0.68253968254,0.987341772152,0.862068965517,0.0,0.0,0.0
Hand Shakers,0.0166408268734,0.865979381443,0.0,0.151162790698,0.469879518072,0.0,0.0,0.0,0.0,0.0,0.0,0.0,0.47619047619,0.240506329114,0.0,0.0,0.265060240964,0.0
天元突破 紅蓮螺巖,0.118966408269,0.958762886598,0.0,0.860465116279,0.409638554217,0.0,0.0,0.0,0.0,0.582417582418,0.0,0.0,0.0,0.746835443038,0.0,0.0,0.0,0.579710144928
七大罪 聖戰的預兆,0.00589147286822,0.886597938144,0.493150684932,0.56976744186,0.602409638554,0.0,0.0,0.0,0.0,0.516483516484,0.0,0.0,0.0,0.658227848101,0.0,0.0,0.0,0.0
排球少年！！ 第三季,0.00702842377261,0.979381443299,0.0,0.872093023256,0.927710843373,0.0,0.0,0.0,0.0,1.0,0.0,0.0,0.714285714286,0.73417721519,0.0,0.0,0.0,0.0
終末的伊澤塔,0.0158139534884,0.927835051546,0.0,0.674418604651,0.771084337349,0.0,0.0,0.0,0.0,0.0,0.0,0.0,0.68253968254,0.746835443038,0.0,0.0,0.44578313253,0.0
王牌投手-振臂高揮～夏季大會篇～,0.0178811369509,0.927835051546,0.0,0.837209302326,0.602409638554,0.520547945205,0.0,0.0,0.0,0.692307692308,0.0,0.0,0.0,0.772151898734,0.0,0.0,0.0,0.0
迷茫管家與膽怯的我,0.135503875969,0.896907216495,0.0,0.662790697674,0.698795180723,0.0,0.0,0.0,0.0,0.0,0.0,0.0,0.777777777778,0.810126582278,0.609195402299,0.0,0.0,0.0
翠星上的加爾岡緹亞,0.0826873385013,0.938144329897,0.849315068493,0.883720930233,0.807228915663,0.0,0.0,0.0,0.0,0.0,0.0,0.0,0.0,0.658227848101,0.0,0.0,0.0,0.623188405797
加速世界,0.229560723514,0.948453608247,0.58904109589,0.860465116279,0.819277108434,0.0,0.0,0.0,0.0,0.0,0.0,0.0,0.0,0.810126582278,0.0,0.0,0.0,0.739130434783
魔法禁書目錄外傳 科學超電磁砲,0.235968992248,0.948453608247,0.0,0.790697674419,0.686746987952,0.0,0.0,0.0,0.0,0.0,0.0,0.0,0.619047619048,0.911392405063,0.0,0.0,0.0,0.550724637681
問題兒童都來自異世界？,0.1434625323,0.927835051546,0.630136986301,0.790697674419,0.759036144578,0.0,0.0,0.0,0.0,0.0,0.0,0.0,0.0,0.898734177215,0.0,0.0,0.0,0.710144927536
冰果,0.230284237726,0.969072164948,0.0,0.813953488372,0.867469879518,0.0,0.0,0.0,0.0,0.0,0.0,0.0,0.619047619048,0.746835443038,0.0,0.575757575758,0.0,0.0
來自新世界,0.0767958656331,0.948453608247,1.0,0.96511627907,0.433734939759,0.0,0.0,0.0,0.0,0.0,0.0,0.787878787879,0.0,0.0,0.0,0.0,0.0,0.811594202899
藍海少女,0.0442377260982,0.979381443299,0.0,0.0,0.614457831325,0.0,0.0,0.835616438356,0.0,0.0,0.0,0.0,0.539682539683,0.0,0.48275862069,0.0,0.481927710843,0.0
暮蟬鳴泣時解,0.0336950904393,0.938144329897,0.0,0.953488372093,0.0,0.0,0.0,0.0,0.0,0.0,0.0,0.0,0.507936507937,0.784810126582,0.0,0.424242424242,0.0,0.855072463768
機動戰士鋼彈 AGE,0.0185012919897,0.649484536082,0.328767123288,0.255813953488,0.361445783133,0.0,0.296875,0.0,0.0,0.0,0.0,0.0,0.0,0.227848101266,0.0,0.0,0.0,0.0
怪獸大學,0.00341085271318,0.907216494845,0.0,0.662790697674,0.831325301205,0.0,0.75,0.0,0.0,0.0,0.0,0.0,0.0,0.607594936709,0.620689655172,0.0,0.0,0.0
Fate/zero,0.214677002584,0.979381443299,0.698630136986,0.976744186047,1.0,0.0,0.0,0.0,0.0,0.0,0.0,0.0,0.0,0.936708860759,0.0,0.0,0.590361445783,0.0
爆漫王。,0.0444444444444,0.907216494845,0.0,0.918604651163,0.518072289157,0.72602739726,0.0,0.0,0.0,0.0,0.0,0.0,0.0,0.696202531646,0.0,0.0,0.0,0.869565217391
Shelter,0.00640826873385,0.989690721649,0.479452054795,0.0,0.734939759036,0.0,0.0,0.0,0.607594936709,0.0,0.0,0.0,0.0,0.46835443038,0.0,0.0,0.710843373494,0.0
怪物的孩子,0.0141602067183,0.927835051546,0.0,0.697674418605,0.710843373494,0.547945205479,0.0,0.0,0.569620253165,0.0,0.0,0.0,0.0,0.569620253165,0.0,0.0,0.0,0.0
白兔玩偶,0.0787596899225,0.958762886598,0.0,0.837209302326,0.385542168675,0.0,0.0,1.0,0.822784810127,0.0,0.0,0.0,0.0,0.569620253165,0.0,0.0,0.0,0.0
這個美術社大有問題！,0.206304909561,0.989690721649,0.0,0.313953488372,0.566265060241,0.0,0.0,0.0,0.0,0.0,0.0,0.0,0.619047619048,0.46835443038,0.563218390805,0.0,0.0,0.0
約會大作戰 DATE A LIVE,0.199896640827,0.927835051546,0.0,0.697674418605,0.795180722892,0.0,0.0,0.0,0.0,0.0,0.0,0.0,0.793650793651,0.911392405063,0.0,0.0,0.0,0.594202898551
TIGER×DRAGON!,0.352248062016,0.958762886598,0.0,0.918604651163,0.530120481928,0.0,0.0,0.0,0.481012658228,0.0,0.0,0.0,1.0,0.911392405063,0.0,0.0,0.0,0.0
RWBY,0.071007751938,0.948453608247,0.0,0.0,0.674698795181,0.0,0.0,0.0,0.0,0.494505494505,0.0,0.0,0.0,1.0,0.0,0.0,0.746987951807,0.724637681159
銀魂,0.15669250646,0.979381443299,0.0,0.744186046512,0.0,0.0,0.0,0.0,0.0,0.0,0.0,0.0,0.809523809524,0.886075949367,0.471264367816,0.0,0.0,0.840579710145
轉吧！企鵝罐,0.0421705426357,0.896907216495,0.0,0.860465116279,0.542168674699,0.0,0.0,0.0,0.0,0.0,0.0,0.5,0.0,0.670886075949,0.0,0.0,0.0,0.811594202899
惡魔奶爸,0.0874418604651,0.896907216495,0.0,0.639534883721,0.0,0.0,0.0,0.0,0.0,0.56043956044,0.0,0.0,0.0,0.759493670886,0.632183908046,0.0,0.0,0.623188405797
魔法禁書目錄,0.230801033592,0.917525773196,0.0,0.837209302326,0.566265060241,0.0,0.0,0.0,0.0,0.0,0.0,0.0,0.47619047619,0.911392405063,0.0,0.0,0.0,0.710144927536
Fate/stay night,0.192144702842,0.917525773196,0.0,0.895348837209,0.542168674699,0.0,0.0,0.0,0.0,0.0,0.0,0.0,0.0,0.949367088608,0.0,0.0,0.325301204819,0.68115942029
K,0.124857881137,0.907216494845,0.0,0.755813953488,0.939759036145,0.0,0.0,0.0,0.0,0.0,0.0,0.0,0.793650793651,0.898734177215,0.0,0.0,0.55421686747,0.0
食戟之靈 第二季,0.148010335917,0.979381443299,0.0,0.441860465116,0.55421686747,0.0,0.0,0.0,0.0,0.43956043956,0.0,0.0,0.412698412698,0.443037974684,0.0,0.0,0.0,0.0
星期一的豐滿,0.0115762273902,0.907216494845,0.0,0.0,0.638554216867,0.0,0.0,0.698630136986,0.0,0.0,1.0,0.0,0.746031746032,0.645569620253,0.0,0.0,0.0,0.0
3 月的獅子,0.113178294574,1.0,0.0,0.662790697674,0.566265060241,0.0,0.0,0.58904109589,0.0,0.0,0.0,0.0,0.507936507937,0.0,0.0,0.0,0.325301204819,0.0
Anne-Happy,0.0509560723514,0.958762886598,0.0,0.0,0.55421686747,0.0,0.0,0.698630136986,0.0,0.0,0.0,0.0,0.619047619048,0.556962025316,0.701149425287,0.0,0.0,0.0
只有我不存在的城市,0.160930232558,0.989690721649,0.0,0.790697674419,0.530120481928,0.0,0.0,0.0,0.0,0.0,0.0,0.0,0.0,0.46835443038,0.0,0.545454545455,0.0,0.521739130435
神奇寶貝超級願望,0.0129198966408,0.835051546392,0.0,0.337209302326,0.698795180723,0.0,0.59375,0.0,0.0,0.0,0.0,0.0,0.0,0.367088607595,0.48275862069,0.0,0.0,0.0
四月是你的謊言,0.113591731266,0.989690721649,0.0,0.848837209302,0.746987951807,0.0,0.0,0.0,0.79746835443,0.0,0.0,0.0,0.0,0.556962025316,0.0,0.0,0.819277108434,0.0
ReLIFE 重返 17 歲,0.0332816537468,0.958762886598,0.0,0.872093023256,0.481927710843,0.0,0.0,0.0,0.0,0.0,0.0,0.681818181818,0.0,0.759493670886,0.0,0.0,0.0,0.652173913043
棒球大聯盟,0.0274935400517,0.948453608247,0.0,0.895348837209,0.542168674699,0.301369863014,0.0,0.0,0.0,0.483516483516,0.0,0.0,0.0,0.873417721519,0.0,0.0,0.0,0.0
櫻子小姐的腳下埋著屍體,0.0200516795866,0.907216494845,0.0,0.790697674419,0.807228915663,0.0,0.0,0.0,0.0,0.0,0.0,0.0,0.0,0.721518987342,0.0,0.727272727273,0.0,0.652173913043
KILL la KILL,0.0561240310078,0.958762886598,0.0,0.639534883721,0.626506024096,0.0,0.0,0.0,0.0,0.868131868132,0.0,0.0,0.0,0.784810126582,0.0,0.0,0.0,0.710144927536
飛翔的魔女,0.184599483204,0.989690721649,0.0,0.313953488372,0.686746987952,0.0,0.0,0.835616438356,0.0,0.0,0.0,0.0,0.0,0.46835443038,0.747126436782,0.0,0.0,0.0
魔法少女育成計畫,0.00826873385013,0.845360824742,0.0,0.651162790698,0.734939759036,0.0,0.0,0.0,0.0,0.0,0.0,0.0,0.793650793651,0.759493670886,0.0,0.0,0.385542168675,0.0
加速世界 INFINITE BURST,0.0666666666667,0.865979381443,0.301369863014,0.0,0.469879518072,0.0,0.0,0.0,0.0,0.0,0.0,0.0,0.349206349206,0.329113924051,0.0,0.0,0.240963855422,0.0
啟航吧！編舟計畫,0.0046511627907,0.907216494845,0.0,0.825581395349,0.506024096386,0.0,0.0,0.0,0.0,0.0,0.0,0.80303030303,0.666666666667,0.0,0.0,0.0,0.0,0.695652173913
黑色子彈,0.104702842377,0.917525773196,0.616438356164,0.732558139535,0.674698795181,0.0,0.0,0.0,0.0,0.0,0.0,0.0,0.492063492063,0.721518987342,0.0,0.0,0.0,0.0
漂流武士,0.201860465116,1.0,0.547945205479,0.56976744186,0.626506024096,0.0,0.0,0.0,0.0,0.549450549451,0.0,0.0,0.0,0.518987341772,0.0,0.0,0.0,0.0
花開物語,0.199173126615,0.948453608247,0.0,0.779069767442,0.879518072289,0.369863013699,0.0,0.0,0.0,0.0,0.0,0.0,0.603174603175,0.696202531646,0.0,0.0,0.0,0.0
空之境界劇場版 終章 空之境界,0.0208785529716,0.876288659794,0.0,0.686046511628,0.843373493976,0.0,0.0,0.0,0.0,0.0,0.0,0.515151515152,0.0,0.670886075949,0.0,0.0,0.55421686747,0.0
雙星之陰陽師,0.112971576227,0.917525773196,0.0,0.313953488372,0.240963855422,0.0,0.0,0.0,0.0,0.351648351648,0.0,0.0,0.238095238095,0.303797468354,0.0,0.0,0.0,0.0
中二病也想談戀愛！,0.174780361757,0.938144329897,0.0,0.755813953488,0.867469879518,0.0,0.0,0.0,0.0,0.0,0.0,0.0,0.730158730159,0.860759493671,0.586206896552,0.0,0.0,0.0
請問您今天要來點兔子嗎？,0.097984496124,0.958762886598,0.0,0.0,0.638554216867,0.0,0.0,0.808219178082,0.0,0.0,0.0,0.0,0.793650793651,0.620253164557,0.67816091954,0.0,0.0,0.0
灼眼的夏娜,0.253746770026,0.927835051546,0.0,0.813953488372,0.566265060241,0.0,0.0,0.0,0.0,0.0,0.0,0.0,0.968253968254,0.873417721519,0.0,0.0,0.0,0.507246376812
侵略陸地!花枝娘 OAD,0.00516795865633,0.896907216495,0.0,0.0,0.626506024096,0.0,0.890625,0.0,0.0,0.0,0.0,0.0,0.0,0.860759493671,0.850574712644,0.0,0.0,0.753623188406
赤髮白雪姬 第二季,0.0431007751938,0.969072164948,0.0,0.767441860465,0.674698795181,0.0,0.0,0.520547945205,0.0,0.0,0.0,0.0,0.698412698413,0.696202531646,0.0,0.0,0.0,0.0
白箱 SHIROBAKO,0.0580878552972,0.969072164948,0.0,0.825581395349,0.819277108434,0.72602739726,0.0,0.0,0.0,0.0,0.0,0.0,0.0,0.683544303797,0.0,0.0,0.0,0.797101449275
男子啦啦隊！！,0.0231524547804,0.958762886598,0.0,0.523255813953,0.0,0.561643835616,0.0,0.0,0.0,0.549450549451,0.0,0.0,0.412698412698,0.0,0.0,0.0,0.0,0.521739130435
JOJO 的奇妙冒險 不滅鑽石,0.21322997416,1.0,0.397260273973,0.720930232558,0.469879518072,0.0,0.0,0.0,0.0,0.549450549451,0.0,0.0,0.0,0.670886075949,0.0,0.0,0.0,0.0
夏日大作戰,0.115865633075,0.948453608247,0.0,0.93023255814,0.698795180723,0.0,0.0,0.0,0.481012658228,0.0,0.0,0.0,0.0,0.544303797468,0.0,0.0,0.0,0.797101449275
亞人醬有話要說,0.0469250645995,0.989690721649,0.0,0.0,0.542168674699,0.0,0.0,0.41095890411,0.0,0.0,0.0,0.0,0.492063492063,0.518987341772,0.48275862069,0.0,0.0,0.0
我的妹妹哪有這麼可愛！,0.251472868217,0.917525773196,0.0,0.767441860465,0.710843373494,0.0,0.0,0.0,0.0,0.0,0.0,0.0,0.825396825397,0.860759493671,0.0,0.0,0.0,0.608695652174
妖精的旋律,0.0594315245478,0.927835051546,0.0,0.953488372093,0.0,0.0,0.0,0.0,0.0,0.0,0.0,0.484848484848,0.0,0.822784810127,0.0,0.0,0.433734939759,0.724637681159
來自風平浪靜的明日,0.137157622739,0.979381443299,0.0,0.802325581395,0.855421686747,0.0,0.0,0.0,0.0,0.0,0.0,0.0,0.52380952381,0.632911392405,0.0,0.0,0.530120481928,0.0
JOJO 的奇妙冒險,0.0700775193798,0.979381443299,0.0,0.686046511628,0.457831325301,0.0,0.0,0.0,0.0,0.604395604396,0.0,0.0,0.0,0.632911392405,0.0,0.0,0.0,0.420289855072
七龍珠 Z：復活的「F」,0.00372093023256,0.79381443299,0.0,0.0,0.759036144578,0.0,0.640625,0.0,0.0,0.549450549451,0.0,0.0,0.0,0.518987341772,0.413793103448,0.0,0.0,0.0
果然我的青春戀愛喜劇搞錯了。續,0.155865633075,0.979381443299,0.0,0.697674418605,0.506024096386,0.0,0.0,0.0,0.0,0.0,0.0,0.69696969697,0.0,0.670886075949,0.0,0.590909090909,0.0,0.0
Yuri on Ice,0.0105426356589,0.969072164948,0.0,0.651162790698,0.578313253012,0.0,0.0,0.0,0.0,0.0,0.0,0.0,0.555555555556,0.670886075949,0.0,0.0,0.566265060241,0.0
暗殺教室 第二季,0.233074935401,0.989690721649,0.0,0.697674418605,0.506024096386,0.0,0.0,0.0,0.0,0.0,0.0,0.0,0.0,0.518987341772,0.310344827586,0.0,0.0,0.463768115942
Re：從零開始的異世界生活,1.0,1.0,0.301369863014,0.639534883721,0.55421686747,0.0,0.0,0.0,0.0,0.0,0.0,0.0,0.507936507937,0.506329113924,0.0,0.0,0.0,0.0
我的朋友很少,0.169715762274,0.896907216495,0.0,0.581395348837,0.66265060241,0.0,0.0,0.0,0.0,0.0,0.0,0.0,0.730158730159,0.848101265823,0.689655172414,0.0,0.0,0.0
妄想學生會,0.0968475452196,0.907216494845,0.0,0.523255813953,0.469879518072,0.0,0.0,0.0,0.0,0.0,0.0,0.0,0.0,0.746835443038,0.827586206897,0.0,0.0,0.608695652174
狼的孩子雨和雪,0.0478552971576,0.958762886598,0.0,0.883720930233,0.66265060241,0.0,0.0,0.616438356164,0.924050632911,0.0,0.0,0.0,0.0,0.607594936709,0.0,0.0,0.0,0.0
未來日記,0.131989664083,0.938144329897,0.561643835616,0.96511627907,0.638554216867,0.0,0.0,0.0,0.0,0.0,0.0,0.0,0.0,0.911392405063,0.0,0.0,0.0,0.913043478261
政宗君的復仇,0.00444444444444,0.958762886598,0.0,0.697674418605,0.698795180723,0.0,0.0,0.0,0.0,0.0,0.0,0.0,0.809523809524,0.759493670886,0.551724137931,0.0,0.0,0.0
金融 C 風暴,0.0916795865633,0.896907216495,0.876712328767,0.837209302326,0.481927710843,0.0,0.0,0.0,0.0,0.0,0.0,0.0,0.0,0.0,0.0,0.651515151515,0.0,1.0
男子高校生的日常,0.126304909561,0.948453608247,0.0,0.558139534884,0.0,0.0,0.0,0.0,0.0,0.0,0.0,0.0,0.698412698413,0.632911392405,0.908045977011,0.0,0.0,0.608695652174
無畏魔女,0.0282170542636,0.948453608247,0.520547945205,0.372093023256,0.361445783133,0.0,0.0,0.0,0.0,0.285714285714,0.0,0.0,0.0,0.607594936709,0.0,0.0,0.0,0.0
當女孩遇到熊,0.139534883721,0.938144329897,0.0,0.0,0.518072289157,0.0,0.0,0.671232876712,0.0,0.0,0.0,0.0,0.603174603175,0.493670886076,0.689655172414,0.0,0.0,0.0
笨蛋，測驗，召喚獸,0.218914728682,0.917525773196,0.0,0.720930232558,0.566265060241,0.0,0.0,0.0,0.0,0.0,0.0,0.0,0.0,0.886075949367,0.67816091954,0.0,0.0,0.840579710145
言葉之庭,0.0595348837209,0.948453608247,0.0,0.802325581395,1.0,0.0,0.0,0.0,0.696202531646,0.0,0.0,0.0,0.619047619048,0.0,0.0,0.0,0.686746987952,0.0
歡迎加入NHK,0.031007751938,0.886597938144,0.0,0.802325581395,0.0,0.0,0.0,0.0,0.0,0.0,0.0,0.787878787879,0.365079365079,0.708860759494,0.0,0.0,0.0,0.826086956522
化物語,0.209715762274,0.948453608247,0.0,0.872093023256,0.614457831325,0.0,0.0,0.0,0.0,0.0,0.0,0.0,0.587301587302,0.949367088608,0.0,0.0,0.0,0.884057971014
命運石之門,0.234728682171,0.989690721649,0.876712328767,1.0,0.0,0.0,0.0,0.0,0.0,0.0,0.0,0.0,0.0,0.79746835443,0.0,0.727272727273,0.0,0.840579710145
K-ON！輕音部,0.499741602067,0.958762886598,0.0,0.476744186047,0.530120481928,0.0,0.0,0.0,0.0,0.0,0.0,0.0,0.904761904762,0.835443037975,0.0,0.0,0.855421686747,0.0
超時空要塞 Frontier,0.0819638242894,0.948453608247,0.0,0.558139534884,0.722891566265,0.0,0.0,0.0,0.0,0.0,0.0,0.0,0.873015873016,0.594936708861,0.0,0.0,1.0,0.0
黑白來看守所,0.0722480620155,0.969072164948,0.0,0.383720930233,0.373493975904,0.0,0.0,0.0,0.0,0.0,0.0,0.0,0.0,0.518987341772,0.528735632184,0.0,0.0,0.478260869565
東京地震 8.0,0.0550904392765,0.938144329897,0.0,0.93023255814,0.518072289157,0.0,0.0,0.0,0.696202531646,0.0,0.0,0.757575757576,0.0,0.0,0.0,0.0,0.0,0.594202898551
東京殘響,0.080826873385,0.948453608247,0.0,0.813953488372,0.650602409639,0.0,0.0,0.0,0.0,0.0,0.0,0.681818181818,0.0,0.518987341772,0.0,0.0,0.0,0.565217391304
家有賤狗,0.00878552971576,0.896907216495,0.0,0.581395348837,0.0,0.0,0.640625,0.0,0.0,0.0,0.0,0.0,0.0,0.696202531646,0.655172413793,0.0,0.0,0.753623188406
一拳超人,0.264082687339,0.989690721649,0.0,0.488372093023,0.698795180723,0.0,0.0,0.0,0.0,0.714285714286,0.0,0.0,0.0,0.658227848101,0.0,0.0,0.0,0.521739130435
蟲師,0.0335917312661,0.948453608247,0.0,0.883720930233,0.55421686747,0.0,0.0,0.0,0.0,0.0,0.0,0.439393939394,0.0,0.0,0.0,0.0,0.578313253012,0.898550724638
狼與辛香料,0.200413436693,0.948453608247,0.0,0.941860465116,0.506024096386,0.0,0.0,0.0,0.0,0.0,0.0,0.0,0.555555555556,0.886075949367,0.0,0.0,0.0,0.782608695652
Kanon,0.0951937984496,0.948453608247,0.0,0.96511627907,0.566265060241,0.0,0.0,0.0,0.481012658228,0.0,0.0,0.0,0.52380952381,0.784810126582,0.0,0.0,0.0,0.0
螢火蟲之墓,0.0164341085271,0.917525773196,0.0,0.976744186047,0.361445783133,0.0,0.0,0.0,0.721518987342,0.0,0.0,0.742424242424,0.0,0.569620253165,0.0,0.0,0.0,0.0
AIR,0.127131782946,0.948453608247,0.0,0.96511627907,0.44578313253,0.0,0.0,0.0,0.481012658228,0.0,0.0,0.0,0.0,0.696202531646,0.0,0.0,0.614457831325,0.0
鋼之鍊金術師 BROTHERHOOD,0.212816537468,0.979381443299,0.41095890411,1.0,0.614457831325,0.0,0.0,0.0,0.0,0.0,0.0,0.0,0.0,0.810126582278,0.0,0.0,0.0,0.608695652174
我的英雄學院,0.0241860465116,0.948453608247,0.0,0.686046511628,0.566265060241,0.547945205479,0.0,0.0,0.0,0.758241758242,0.0,0.0,0.0,0.620253164557,0.0,0.0,0.0,0.0
文豪野犬 第二季,0.082480620155,0.989690721649,0.0,0.558139534884,0.55421686747,0.0,0.0,0.0,0.0,0.0,0.0,0.0,0.507936507937,0.607594936709,0.0,0.0,0.0,0.333333333333
屍鬼,0.0439276485788,0.886597938144,0.0,0.93023255814,0.578313253012,0.0,0.0,0.0,0.0,0.0,0.0,0.636363636364,0.0,0.79746835443,0.0,0.0,0.0,0.724637681159
打工吧！魔王大人,0.121033591731,0.938144329897,0.0,0.848837209302,0.734939759036,0.0,0.0,0.0,0.0,0.0,0.0,0.0,0.0,0.873417721519,0.666666666667,0.0,0.0,0.63768115942
TRICKSTER–少年偵探團,0.00186046511628,0.0,0.0,0.511627906977,0.530120481928,0.0,0.0,0.0,0.0,0.0,0.0,0.0,0.52380952381,0.632911392405,0.0,0.5,0.0,0.0
長騎美眉,0.0241860465116,0.927835051546,0.0,0.267441860465,0.277108433735,0.0,0.0,0.397260273973,0.0,0.0,0.0,0.0,0.571428571429,0.0,0.574712643678,0.0,0.0,0.0
咕嚕咕嚕魔法陣,0.00940568475452,0.876288659794,0.0,0.744186046512,0.0,0.0,0.28125,0.0,0.0,0.0,0.0,0.0,0.0,0.810126582278,0.471264367816,0.0,0.0,0.855072463768
死亡遊行,0.0350387596899,0.927835051546,0.0,0.860465116279,0.638554216867,0.0,0.0,0.0,0.0,0.0,0.0,0.924242424242,0.0,0.544303797468,0.0,0.0,0.0,0.797101449275
一週的朋友。,0.0568475452196,0.948453608247,0.0,0.813953488372,0.674698795181,0.0,0.0,0.684931506849,0.746835443038,0.0,0.0,0.0,0.0,0.632911392405,0.0,0.0,0.0,0.0
亂步奇譚 Game of Laplace,0.018811369509,0.855670103093,0.0,0.779069767442,0.650602409639,0.0,0.0,0.0,0.0,0.0,0.0,0.0,0.0,0.645569620253,0.0,0.772727272727,0.0,0.565217391304
吹響吧！上低音號 第二季,0.0113695090439,0.969072164948,0.0,0.813953488372,0.963855421687,0.0,0.0,0.0,0.0,0.0,0.0,0.0,0.777777777778,0.759493670886,0.0,0.0,0.867469879518,0.0
Guilty Crown 罪惡王冠,0.303979328165,0.948453608247,0.0,0.813953488372,0.939759036145,0.0,0.0,0.0,0.0,0.0,0.0,0.0,0.634920634921,0.772151898734,0.0,0.0,0.807228915663,0.0
可塑性記憶,0.0805167958656,0.958762886598,0.0,0.732558139535,0.638554216867,0.0,0.0,0.0,0.810126582278,0.0,0.0,0.0,0.47619047619,0.582278481013,0.0,0.0,0.0,0.0
絕園的暴風雨,0.0911627906977,0.948453608247,0.671232876712,0.872093023256,0.698795180723,0.0,0.0,0.0,0.0,0.0,0.0,0.0,0.0,0.784810126582,0.0,0.0,0.0,0.565217391304
花開物語 HOME SWEET HOME,0.0197416020672,0.927835051546,0.0,0.813953488372,0.89156626506,0.630136986301,0.0,0.0,0.556962025316,0.0,0.0,0.0,0.0,0.708860759494,0.0,0.0,0.0,0.0
少女與戰車,0.125788113695,0.979381443299,0.0,0.488372093023,0.686746987952,0.0,0.0,0.0,0.0,0.340659340659,0.0,0.0,0.0,0.493670886076,0.0,0.0,0.0,0.68115942029
寄生獸,0.0557105943152,0.948453608247,0.0,0.906976744186,0.626506024096,0.0,0.0,0.0,0.0,0.0,0.0,0.681818181818,0.0,0.620253164557,0.0,0.0,0.0,0.782608695652
異國迷宮的十字路口,0.0429974160207,0.855670103093,0.0,0.627906976744,0.771084337349,0.0,0.0,0.72602739726,0.0,0.0,0.0,0.0,0.539682539683,0.772151898734,0.0,0.0,0.0,0.0
哆啦A夢 大雄的太陽王傳說,0.00341085271318,0.855670103093,0.0,0.872093023256,0.506024096386,0.0,0.796875,0.0,0.0,0.0,0.0,0.0,0.0,0.645569620253,0.0,0.0,0.0,0.608695652174
南鎌倉高校女子自行車社,0.00320413436693,0.948453608247,0.0,0.0,0.734939759036,0.0,0.0,0.520547945205,0.0,0.0,0.0,0.0,0.650793650794,0.405063291139,0.436781609195,0.0,0.0,0.0
鑽石王牌 第二季,0.018811369509,0.979381443299,0.0,0.523255813953,0.361445783133,0.438356164384,0.0,0.0,0.0,0.615384615385,0.0,0.0,0.0,0.46835443038,0.0,0.0,0.0,0.0
怪醫黑傑克 OVA,0.0450645994832,0.989690721649,0.0,0.837209302326,0.542168674699,0.0,0.0,0.0,0.0,0.0,0.0,0.863636363636,0.0,0.493670886076,0.0,0.0,0.0,0.405797101449
烏龍麵之國的金色毛毬,0.00361757105943,0.907216494845,0.0,0.697674418605,0.686746987952,0.0,0.0,0.890410958904,0.53164556962,0.0,0.0,0.0,0.0,0.53164556962,0.0,0.0,0.0,0.0
飆速宅男,0.017157622739,0.948453608247,0.0,0.755813953488,0.530120481928,0.643835616438,0.0,0.0,0.0,0.846153846154,0.0,0.0,0.0,0.708860759494,0.0,0.0,0.0,0.0
新我們這一家,0.0295607235142,0.979381443299,0.0,0.0,0.397590361446,0.0,0.6875,0.0,0.0,0.0,0.0,0.0,0.68253968254,0.455696202532,0.793103448276,0.0,0.0,0.0
秒速 5 公分,0.0926098191214,0.958762886598,0.0,0.941860465116,0.963855421687,0.0,0.0,0.0,0.620253164557,0.0,0.0,0.0,0.0,0.379746835443,0.0,0.0,0.698795180723,0.0
神偷奶爸 2,0.00320413436693,0.917525773196,0.0,0.627906976744,1.0,0.0,1.0,0.0,0.0,0.0,0.0,0.0,0.0,0.772151898734,1.0,0.0,0.0,0.0
旋風管家！ 第二季,0.142118863049,0.927835051546,0.0,0.767441860465,0.493975903614,0.0,0.0,0.0,0.0,0.0,0.0,0.0,0.936507936508,0.924050632911,0.0,0.0,0.0,0.550724637681
青之驅魔師,0.106563307494,0.907216494845,0.0,0.837209302326,0.759036144578,0.0,0.0,0.0,0.0,0.538461538462,0.0,0.0,0.619047619048,0.873417721519,0.0,0.0,0.0,0.0
潮與虎,0.0622222222222,0.969072164948,0.0,0.627906976744,0.409638554217,0.0,0.0,0.0,0.227848101266,0.593406593407,0.0,0.0,0.0,0.481012658228,0.0,0.0,0.0,0.0
KILL ME BABY 愛殺寶貝,0.0195348837209,0.824742268041,0.0,0.0,0.0,0.0,0.59375,0.0,0.0,0.0,0.0,0.0,0.730158730159,0.772151898734,0.931034482759,0.0,0.0,0.492753623188
NAZOTOKINE,0.00031007751938,0.0,0.0,0.0,0.0,0.452054794521,0.515625,0.452054794521,0.0,0.0,0.66,0.0,0.0,0.0,0.0,1.0,0.0,0.0
全部成為 F THE PERFECT INSIDER,0.0283204134367,0.917525773196,0.0,0.802325581395,0.457831325301,0.0,0.0,0.0,0.0,0.0,0.0,0.666666666667,0.0,0.0,0.0,0.969696969697,0.0,0.579710144928
亞人 第二季,0.0066149870801,0.917525773196,0.0,0.848837209302,0.638554216867,0.0,0.0,0.0,0.0,0.0,0.0,0.0,0.730158730159,0.721518987342,0.0,0.0,0.0,0.536231884058
新蠟筆小新 S1,0.00764857881137,0.979381443299,0.0,0.325581395349,0.0,0.0,0.5625,0.0,0.0,0.0,0.0,0.0,0.0,0.278481012658,0.494252873563,0.0,0.0,0.347826086957
果然我的青春戀愛喜劇搞錯了。,0.199276485788,0.969072164948,0.0,0.779069767442,0.469879518072,0.0,0.0,0.0,0.0,0.0,0.0,0.80303030303,0.507936507937,0.79746835443,0.0,0.0,0.0,0.0
TARI TARI,0.111627906977,0.948453608247,0.0,0.697674418605,0.843373493976,0.0,0.0,0.0,0.0,0.0,0.0,0.0,0.730158730159,0.607594936709,0.0,0.0,0.746987951807,0.0
CLANNAD,0.254366925065,0.979381443299,0.0,0.988372093023,0.626506024096,0.0,0.0,0.0,0.620253164557,0.0,0.0,0.0,0.0,0.772151898734,0.0,0.0,0.493975903614,0.0
緋彈的亞莉亞,0.193488372093,0.886597938144,0.0,0.720930232558,0.602409638554,0.0,0.0,0.0,0.0,0.0,0.0,0.0,0.888888888889,0.822784810127,0.0,0.0,0.0,0.565217391304
發條精靈戰記 天鏡的極北之星,0.0678036175711,0.958762886598,0.506849315068,0.674418604651,0.373493975904,0.0,0.0,0.0,0.0,0.0,0.0,0.0,0.0,0.544303797468,0.0,0.363636363636,0.0,0.0
宇宙兄弟,0.0128165374677,0.938144329897,0.0,0.872093023256,0.0,1.0,0.0,0.0,0.569620253165,0.0,0.0,0.606060606061,0.0,0.0,0.0,0.0,0.0,0.536231884058
血型小將 ABO,0.00568475452196,0.80412371134,0.0,0.0,0.0,0.0,0.59375,0.0,0.0,0.0,0.0,0.0,0.952380952381,0.481012658228,0.896551724138,0.0,0.0,0.753623188406
Sword Art Online 刀劍神域,0.476589147287,0.958762886598,0.643835616438,0.825581395349,0.746987951807,0.0,0.0,0.0,0.0,0.0,0.0,0.0,0.0,0.73417721519,0.0,0.0,0.0,0.652173913043
日常,0.0952971576227,0.958762886598,0.0,0.395348837209,0.457831325301,0.0,0.0,0.0,0.0,0.0,0.0,0.0,0.0,0.620253164557,0.862068965517,0.0,0.0,0.594202898551
