0 523
1 338
2 394
3 768
4 163
5 1477
6 7871
7 237
8 150
9 4497
10 4136
11 183
12 7
13 30
14 216
15 45
16 90
17 746
18 1314
19 103
20 98
21 1188
22 76
23 53
24 1249
25 565
26 241
27 67
28 47
29 63
30 60
31 150
32 172
33 26
34 4173
35 80
36 564
37 270
38 7176
39 112
40 2341
41 3
42 159
43 589
44 410
45 25
46 681
47 274
48 20
49 168
50 1199
51 401
52 159
53 206
54 31
55 78
56 49
57 82
58 6
59 14
60 138
61 367
62 19
63 144
64 4535
65 29
66 26641
67 158
68 12
69 16
70 571
71 17
72 360
73 6
74 306
75 897
76 18
77 1100
78 21
79 71
80 110
81 85
82 51
83 152
84 297
85 97
86 1
87 1062
88 1742
89 1473
90 48
91 4388
92 128
93 62
94 527
95 2308
96 150
97 504
98 6
99 21
100 139
101 206
102 180
103 391
104 3
105 4
106 20
107 40
108 81
109 61
110 592
111 60
112 2958
113 658
114 1286
115 55
116 3
117 247
118 45
119 7956
120 97
121 121
122 2
123 8
124 803
125 19
126 1284
127 199
128 8
129 268
130 289
131 454
132 28
133 5
134 75
135 1210
136 322
137 360
138 98
139 2211
140 48
141 1163
142 377
143 264
144 104
145 161
146 40
147 33
148 129
149 193
150 57
151 15
152 1183
153 171
154 155
155 37
156 262
157 30
158 162
159 221
160 421
161 31
162 115
163 26
164 50
165 14
166 1
167 69
168 31
169 487
170 774
171 7
172 404
173 423
174 1
175 358
176 20
177 89
178 28
179 191
180 118
181 178
182 9
183 192
184 505
185 14
186 551
187 3
188 1779
189 193
190 41
191 48
192 310
193 4
194 1463
195 33
196 437
197 2271
198 1313
199 2
200 24
201 14
202 129
203 8
204 3
205 52
206 98
207 18
208 17
209 753
210 27
211 11
212 90
213 31
214 26
215 244
216 346
217 53
218 69
219 150
220 59
221 4
222 3302
223 2
224 15
225 1
226 260
227 50
228 161
229 59
230 28
231 3
232 212
233 218
234 201
235 45
236 46
237 80
238 13
239 249
240 99
241 22
242 53
243 20
244 64
245 105
246 24
247 1055
248 355
249 957
250 758
251 352
252 136
253 317
254 93
255 160
256 102
257 62
258 434
259 88
260 43
261 19
262 1
263 75
264 89
265 51
266 462
267 560
268 65
269 208
270 18
271 34
272 34
273 11
274 190
275 18
276 15
277 14
278 13
279 2
280 1080
281 27
282 64
283 53
284 161
285 193
286 6
287 213
288 454
289 752
290 292
291 11
292 14
293 1
294 18
295 243
296 320
297 135
298 209
299 1
300 20
301 29
302 140
303 20
304 17
305 42
306 6
307 373
308 286
309 1087
310 1
311 141
312 3
313 20
314 530
315 77
316 32
317 1
318 4
319 121
320 10
321 61
322 1
323 2
324 202
325 53
326 512
327 488
328 72
329 6
330 33
331 5
332 21
333 11
334 76
335 8
336 34
337 78
338 166
339 2
340 565
341 22
342 14
343 913
344 55
345 32
346 897
347 49
348 299
349 690
350 24
351 3
352 165
353 233
354 2
355 255
356 37
357 20
358 19
359 566
360 5
361 402
362 43
363 15
364 34
365 82
366 456
367 133
368 10
369 106
370 396
371 2749
372 126
373 136
374 51
375 799
376 12
377 139
378 188
379 22
380 519
381 304
382 968
383 8
384 28
385 16
386 59
387 3
388 18
389 221
390 148
391 123
392 49
393 173
394 40
395 190
396 555
397 135
398 92
399 75
400 105
401 21
402 446
403 4
404 152
405 41
406 388
407 282
408 532
409 3
410 84
411 5
412 298
413 96
414 555
415 24
416 42
417 1
418 573
419 23
420 295
421 711
422 9
423 266
424 2
425 40
426 201
427 61
428 57
429 106
430 144
431 159
432 61
433 744
434 3
435 24
436 11
437 38
438 37
439 267
440 12
441 784
442 658
443 3
444 56
445 66
446 4
447 17
448 119
449 129
450 25
451 214
452 10
453 63
454 20
455 1273
456 490
457 208
458 45
459 19
460 13
461 14
462 132
463 53
464 46
465 614
466 39
467 7
468 146
469 36
470 16
471 43
472 216
473 4
474 411
475 157
476 303
477 13
478 185
479 219
480 15
481 98
482 29
483 39
484 319
485 19
486 9
487 19
488 31
489 23
490 11
491 9
492 128
493 71
494 69
495 76
496 215
497 13
498 157
499 50
500 167
501 212
502 62
503 100
504 39
505 649
506 1294
507 85
508 13
509 15
510 5
511 332
512 194
513 4
514 74
515 74
516 28
517 9
518 13
519 7
520 161
521 44
522 679
523 26
524 16
525 463
526 10
527 1
528 77
529 125
530 9
531 23
532 55
533 14
534 217
535 173
536 28
537 3
538 386
539 3
540 159
541 154
542 11
543 12
544 3
545 70
546 12
547 153
548 84
549 42
550 19
551 105
552 30
553 15
554 12
555 2
556 3
557 45
558 1
559 1
560 230
561 32
562 15
563 1
564 8
565 847
566 15
567 1
568 24
569 66
570 15
571 9
572 15
573 26
574 196
575 12
576 1
577 69
578 140
579 2
580 13
581 46
582 99
583 245
584 2
585 11
586 27
587 122
588 2
589 13
590 4
591 54
592 4
593 104
594 2
595 804
596 91
597 1
598 491
599 40
600 590
601 276
602 325
603 54
604 401
605 60
606 68
607 405
608 17
609 257
610 361
611 278
612 54
613 138
614 409
615 108
616 642
617 327
618 252
619 336
620 157
621 161
622 109
623 5
624 328
625 79
626 1447
627 28
628 34
629 32
630 306
631 1
632 636
633 24
634 237
635 521
636 71
637 32
638 247
639 365
640 42
641 708
642 31
643 79
644 18
645 89
646 43
647 14
648 127
649 161
650 59
651 290
652 22
653 48
654 7
655 19
656 57
657 1
658 138
659 578
660 355
661 36
662 500
663 552
664 40
665 23
666 151
667 81
668 12
669 323
670 43
671 14
672 15
673 889
674 60
675 108
676 73
677 309
678 347
679 2
680 110
681 53
682 22
683 90
684 374
685 14
686 85
687 98
688 68
689 71
690 3
691 37
692 113
693 41
694 320
695 3
696 95
697 140
698 4
699 186
700 33
701 111
702 53
703 36
704 362
705 394
706 41
707 224
708 20
709 292
710 47
711 20
712 103
713 1
714 111
715 61
716 14
717 171
718 4
719 7
720 113
721 122
722 9
723 58
724 41
725 216
726 14
727 358
728 15
729 160
730 113
731 269
732 62
733 6
734 39
735 131
736 38
737 8
738 81
739 5
740 300
741 183
742 403
743 26
744 7
745 475
746 122
747 33
748 138
749 15
750 219
751 263
752 9
753 19
754 277
755 91
756 19
757 7
758 6
759 222
760 61
761 27
762 216
763 360
764 59
765 1
766 21
767 355
768 4
769 79
770 252
771 35
772 89
773 103
774 116
775 771
776 579
777 2
778 52
779 84
780 69
781 99
782 189
783 13
784 23
785 14
786 3
787 13
788 7
789 34
790 11
791 90
792 21
793 137
794 17
795 111
796 44
797 52
798 37
799 120
800 36
801 120
802 7
803 304
804 2
805 69
806 18
807 56
808 23
809 80
810 96
811 129
812 34
813 4
814 278
815 176
816 95
817 68
818 63
819 229
820 18
821 27
822 75
823 8
824 51
825 9
826 3
827 6
828 10
829 21
830 86
831 18
832 29
833 1
834 25
835 455
836 164
837 4
838 337
839 23
840 1
841 3
842 132
843 15
844 214
845 197
846 131
847 61
848 36
849 122
850 4
851 68
852 189
853 108
854 100
855 40
856 22
857 165
858 3
859 28
860 84
861 5
862 4
863 5
864 217
865 22
866 3
867 24
868 37
869 82
870 34
871 41
872 23
873 27
874 55
875 7
876 23
877 87
878 3
879 359
880 256
881 13
882 184
883 212
884 118
885 26
886 528
887 18
888 22
889 8
890 7
891 48
892 62
893 41
894 119
895 74
896 27
897 281
898 200
899 5
900 60
901 4
902 56
903 3
904 26
905 256
906 163
907 69
908 79
909 81
910 1
911 57
912 58
913 2
914 316
915 234
916 11
917 70
918 24
919 32
920 1
921 194
922 85
923 14
924 28
925 54
926 8
927 90
928 88
929 39
930 5
931 8
932 10
933 1
934 9
935 248
936 13
937 264
938 16
939 115
940 44
941 30
942 226
943 41
944 81
945 43
946 53
947 29
948 40
949 48
950 1
951 1
952 1
953 5
954 280
955 11
956 53
957 154
958 6
959 134
960 45
961 14
962 11
963 3
964 72
965 13
966 10
967 8
968 111
969 35
970 54
971 5
972 115
973 25
974 92
975 11
976 64
977 16
978 57
979 338
980 8
981 8
982 14
983 60
984 1
985 65
986 54
987 58
988 40
989 41
990 32
991 11
992 24
993 14
994 42
995 11
996 168
997 492
998 1
999 24
1000 4
1001 160
1002 103
1003 169
1004 24
1005 27
1006 52
1007 59
1008 40
1009 77
1010 27
1011 647
1012 40
1013 2
1014 118
1015 65
1016 219
1017 40
1018 4
1019 17
1020 12
1021 143
1022 31
1023 48
1024 260
1025 76
1026 3
1027 13
1028 13
1029 112
1030 66
1031 68
1032 244
1033 88
1034 22
1035 2
1036 11
1037 159
1038 10
1039 38
1040 58
1041 15
1042 207
1043 237
1044 4
1045 13
1046 25
1047 1
1048 5
1049 26
1050 43
1051 35
1052 14
1053 229
1054 80
1055 16
1056 29
1057 7
1058 8
1059 13
1060 3
1061 70
1062 43
1063 51
1064 1
1065 49
1066 3
1067 402
1068 239
1069 104
1070 6
1071 69
1072 1
1073 74
1074 11
1075 24
1076 42
1077 27
1078 3
1079 95
1080 208
1081 2
1082 2
1083 15
1084 16
1085 24
1086 264
1087 83
1088 103
1089 2
1090 1
1091 11
1092 5
1093 188
1094 20
1095 85
1096 126
1097 224
1098 23
1099 93
1100 38
1101 154
1102 6
1103 36
1104 47
1105 30
1106 36
1107 22
1108 15
1109 171
1110 23
1111 3
1112 21
1113 77
1114 94
1115 8
1116 198
1117 23
1118 171
1119 14
1120 1
1121 10
1122 46
1123 29
1124 39
1125 70
1126 5
1127 44
1128 57
1129 52
1130 75
1131 73
1132 35
1133 12
1134 144
1135 80
1136 41
1137 47
1138 189
1139 44
1140 89
1141 15
1142 39
1143 25
1144 10
1145 108
1146 283
1147 62
1148 110
1149 179
1150 7
1151 20
1152 154
1153 12
1154 27
1155 28
1156 29
1157 267
1158 37
1159 1
1160 48
1161 3
1162 77
1163 112
1164 3
1165 43
1166 197
1167 359
1168 35
1169 183
1170 14
1171 203
1172 10
1173 7
1174 20
1175 9
1176 30
1177 45
1178 35
1179 191
1180 1
1181 79
1182 37
1183 1
1184 3
1185 85
1186 25
1187 19
1188 59
1189 23
1190 3
1191 37
1192 46
1193 335
1194 88
1195 114
1196 77
1197 1
1198 2
1199 122
1200 1
1201 7
1202 48
1203 70
1204 204
1205 104
1206 5
1207 215
1208 111
1209 383
1210 1
1211 3
1212 58
1213 3
1214 146
1215 51
1216 29
1217 192
1218 94
1219 85
1220 13
1221 28
1222 60
1223 154
1224 11
1225 12
1226 5
1227 1
1228 48
1229 8
1230 25
1231 58
1232 97
1233 1
1234 2
1235 8
1236 70
1237 142
1238 65
1239 9
1240 100
1241 46
1242 18
1243 7
1244 41
1245 69
1246 6
1247 12
1248 242
1249 3
1250 5
1251 71
1252 62
1253 30
1254 10
1255 104
1256 1
1257 25
1258 101
1259 12
1260 42
1261 16
1262 4
1263 238
1264 12
1265 94
1266 9
1267 39
1268 28
1269 259
1270 45
1271 84
1272 7
1273 43
1274 11
1275 96
1276 2
1277 74
1278 24
1279 2
1280 20
1281 15
1282 66
1283 1
1284 13
1285 4
1286 2
1287 32
1288 15
1289 6
1290 85
1291 1
1292 9
1293 31
1294 38
1295 25
1296 10
1297 3
1298 39
1299 50
1300 5
1301 723
1302 2
1303 2
1304 79
1305 41
1306 6
1307 35
1308 111
1309 2
1310 1
1311 27
1312 55
1313 115
1314 2
1315 15
1316 64
1317 13
1318 11
1319 1
1320 10
1321 6
1322 154
1323 27
1324 208
1325 7
1326 29
1327 28
1328 17
1329 265
1330 102
1331 159
1332 1
1333 18
1334 7
1335 1
1336 1
1337 89
1338 15
1339 7
1340 6
1341 3
1342 8
1343 125
1344 256
1345 3
1346 60
1347 2
1348 22
1349 19
1350 94
1351 7
1352 5
1353 1
1354 60
1355 44
1356 24
1357 60
1358 31
1359 33
1360 75
1361 3
1362 93
1363 21
1364 10
1365 8
1366 4
1367 27
1368 1
1369 59
1370 16
1371 14
1372 389
1373 4
1374 15
1375 90
1376 4
1377 15
1378 12
1379 63
1380 2
1381 106
1382 20
1383 4
1384 233
1385 86
1386 1
1387 140
1388 1
1389 3
1390 10
1391 16
1392 132
1393 27
1394 9
1395 3
1396 22
1397 26
1398 27
1399 225
1400 64
1401 194
1402 28
1403 9
1404 118
1405 5
1406 4
1407 101
1408 57
1409 26
1410 3
1411 36
1412 4
1413 6
1414 12
1415 89
1416 8
1417 65
1418 118
1419 24
1420 1
1421 65
1422 2
1423 15
1424 38
1425 7
1426 24
1427 46
1428 3
1429 4
1430 163
1431 9
1432 80
1433 27
1434 103
1435 18
1436 1
1437 74
1438 56
1439 13
1440 12
1441 39
1442 6
1443 36
1444 119
1445 16
1446 6
1447 336
1448 44
1449 36
1450 12
1451 54
1452 2
1453 13
1454 220
1455 14
1456 36
1457 22
1458 9
1459 7
1460 24
1461 1
1462 3
1463 23
1464 79
1465 42
1466 8
1467 1
1468 2
1469 10
1470 27
1471 33
1472 2
1473 7
1474 35
1475 10
1476 34
1477 30
1478 131
1479 1
1480 63
1481 15
1482 55
1483 28
1484 12
1485 3
1486 122
1487 2
1488 18
1489 12
1490 26
1491 2
1492 2
1493 30
1494 6
1495 5
1496 1
1497 43
1498 4
1499 3
1500 4
1501 52
1502 538
1503 15
1504 1
1505 96
1506 334
1507 41
1508 74
1509 8
1510 12
1511 110
1512 1
1513 8
1514 7
1515 63
1516 18
1517 1
1518 25
1519 29
1520 6
1521 116
1522 2
1523 3
1524 12
1525 72
1526 18
1527 39
1528 15
1529 9
1530 9
1531 8
1532 337
1533 2
1534 5
1535 92
1536 9
1537 13
1538 1
1539 78
1540 167
1541 10
1542 38
1543 3
1544 3
1545 16
1546 150
1547 21
1548 3
1549 4
1550 23
1551 237
1552 3
1553 2
1554 2
1555 19
1556 7
1557 13
1558 3
1559 16
1560 3
1561 64
1562 17
1563 16
1564 81
1565 36
1566 28
1567 22
1568 68
1569 65
1570 64
1571 1
1572 115
1573 13
1574 42
1575 25
1576 1
1577 40
1578 40
1579 5
1580 114
1581 4
1582 9
1583 4
1584 21
1585 19
1586 10
1587 5
1588 20
1589 2
1590 11
1591 8
1592 9
1593 34
1594 444
1595 20
1596 38
1597 57
1598 46
1599 15
1600 10
1601 27
1602 1
1603 46
1604 32
1605 78
1606 5
1607 14
1608 3
1609 7
1610 23
1611 1
1612 56
1613 21
1614 10
1615 8
1616 55
1617 26
1618 24
1619 5
1620 2
1621 60
1622 38
1623 9
1624 91
1625 44
1626 10
1627 26
1628 2
1629 19
1630 6
1631 15
1632 102
1633 14
1634 8
1635 1
1636 21
1637 15
1638 6
1639 11
1640 47
1641 2
1642 3
1643 9
1644 7
1645 5
1646 9
1647 21
1648 103
1649 7
1650 10
1651 1
1652 31
1653 16
1654 1
1655 15
1656 14
1657 7
1658 26
1659 5
1660 283
1661 17
1662 4
1663 12
1664 79
1665 78
1666 23
1667 7
1668 20
1669 120
1670 126
1671 12
1672 10
1673 22
1674 38
1675 5
1676 4
1677 52
1678 36
1679 4
1680 124
1681 8
1682 22
1683 1
1684 75
1685 16
1686 86
1687 147
1688 4
1689 3
1690 9
1691 7
1692 1
1693 6
1694 31
1695 113
1696 5
1697 36
1698 81
1699 1
1700 149
1701 153
1702 3
1703 206
1704 25
1705 162
1706 7
1707 4
1708 18
1709 2
1710 45
1711 14
1712 9
1713 7
1714 80
1715 4
1716 10
1717 19
1718 1
1719 10
1720 25
1721 3
1722 46
1723 1
1724 1
1725 14
1726 29
1727 13
1728 1
1729 249
1730 4
1731 5
1732 12
1733 8
1734 30
1735 2
1736 20
1737 46
1738 8
1739 42
1740 92
1741 10
1742 33
1743 9
1744 4
1745 22
1746 7
1747 31
1748 159
1749 3
1750 11
1751 2
1752 5
1753 16
1754 3
1755 1
1756 4
1757 24
1758 5
1759 25
1760 46
1761 135
1762 14
1763 119
1764 89
1765 1
1766 1
1767 6
1768 2
1769 22
1770 4
1771 28
1772 4
1773 2
1774 2
1775 5
1776 1
1777 282
1778 27
1779 1
1780 22
1781 2
1782 5
1783 22
1784 3
1785 2
1786 1
1787 1
1788 56
1789 2
1790 11
1791 61
1792 1
1793 22
1794 1
1795 2
1796 2
1797 15
1798 3
1799 2
1800 75
1801 4
1802 15
1803 20
1804 1
1805 1
1806 2
1807 31
1808 1
1809 1
1810 15
1811 6
1812 1
1813 164
1814 6
1815 2
1816 13
1817 5
1818 1
1819 4
1820 73
1821 6
1822 21
1823 4
1824 29
1825 38
1826 43
1827 4
1828 1
1829 39
1830 236
1831 29
1832 53
1833 413
1834 32
1835 33
1836 14
1837 18
1838 59
1839 3
1840 34
1841 20
1842 9
1843 24
1844 70
1845 2
1846 8
1847 52
1848 1
1849 38
1850 12
1851 7
1852 43
1853 5
1854 121
1855 6
1856 80
1857 128
1858 1
1859 34
1860 29
1861 22
1862 16
1863 83
1864 2
1865 18
1866 11
1867 16
1868 6
1869 17
1870 3
1871 2
1872 21
1873 31
1874 1
1875 2
1876 8
1877 28
1878 137
1879 3
1880 30
1881 79
1882 72
1883 18
1884 27
1885 17
1886 3
1887 38
1888 58
1889 8
1890 26
1891 28
1892 14
1893 33
1894 2
1895 3
1896 5
1897 2
1898 14
1899 6
1900 15
1901 16
1902 5
1903 49
1904 25
1905 9
1906 9
1907 193
1908 18
1909 40
1910 67
1911 17
1912 7
1913 53
1914 2
1915 3
1916 20
1917 24
1918 42
1919 4
1920 2
1921 2
1922 223
1923 25
1924 79
1925 69
1926 21
1927 40
1928 57
1929 19
1930 9
1931 5
1932 8
1933 22
1934 20
1935 3
1936 1
1937 1
1938 8
1939 32
1940 1
1941 17
1942 7
1943 7
1944 19
1945 5
1946 25
1947 44
1948 24
1949 2
1950 25
1951 2
1952 44
1953 2
1954 22
1955 16
1956 58
1957 43
1958 2
1959 2
1960 93
1961 2
1962 2
1963 13
1964 1
1965 35
1966 15
1967 10
1968 33
1969 6
1970 1
1971 116
1972 11
1973 4
1974 1
1975 6
1976 1
1977 2
1978 5
1979 17
1980 16
1981 20
1982 2
1983 23
1984 19
1985 24
1986 57
1987 18
1988 88
1989 8
1990 16
1991 4
1992 89
1993 34
1994 71
1995 58
1996 17
1997 6
1998 5
1999 126
2000 39
2001 17
2002 52
2003 172
2004 11
2005 22
2006 11
2007 90
2008 48
2009 71
2010 25
2011 55
2012 50
2013 3
2014 4
2015 6
2016 7
2017 14
2018 6
2019 1
2020 6
2021 3
2022 249
2023 24
2024 30
2025 84
2026 484
2027 25
2028 17
2029 4
2030 1
2031 26
2032 46
2033 17
2034 21
2035 3
2036 7
2037 14
2038 9
2039 4
2040 33
2041 11
2042 4
2043 3
2044 96
2045 15
2046 19
2047 5
2048 86
2049 7
2050 1
2051 32
2052 1
2053 2
2054 1
2055 17
2056 12
2057 2
2058 4
2059 38
2060 62
2061 44
2062 89
2063 33
2064 31
2065 107
2066 47
2067 148
2068 36
2069 28
2070 77
2071 38
2072 62
2073 8
2074 6
2075 95
2076 40
2077 130
2078 19
2079 80
2080 9
2081 17
2082 24
2083 9
2084 60
2085 30
2086 192
2087 129
2088 13
2089 32
2090 18
2091 172
2092 56
2093 70
2094 33
2095 4
2096 10
2097 4
2098 27
2099 10
2100 9
2101 15
2102 117
2103 11
2104 16
2105 19
2106 83
2107 71
2108 17
2109 118
2110 25
2111 8
2112 72
2113 65
2114 18
2115 188
2116 3
2117 117
2118 59
2119 120
2120 27
2121 72
2122 7
2123 783
2124 111
2125 119
2126 5
2127 2
2128 19
2129 60
2130 64
2131 56
2132 9
2133 24
2134 257
2135 37
2136 6
2137 63
2138 65
2139 13
2140 52
2141 8
2142 88
2143 5
2144 89
2145 141
2146 22
2147 25
2148 5
2149 94
2150 29
2151 102
2152 36
2153 6
2154 18
2155 100
2156 13
2157 17
2158 161
2159 1
2160 219
2161 18
2162 75
2163 1
2164 24
2165 32
2166 1
2167 25
2168 90
2169 89
2170 111
2171 23
2172 1
2173 1
2174 7
2175 43
2176 12
2177 1
2178 41
2179 30
2180 163
2181 25
2182 100
2183 9
2184 16
2185 183
2186 5
2187 485
2188 5
2189 2
2190 2
2191 71
2192 21
2193 4
2194 31
2195 10
2196 53
2197 7
2198 2
2199 21
2200 94
2201 127
2202 28
2203 28
2204 62
2205 15
2206 14
2207 1
2208 25
2209 50
2210 36
2211 3
2212 19
2213 1
2214 17
2215 25
2216 2
2217 27
2218 24
2219 57
2220 14
2221 31
2222 13
2223 1
2224 34
2225 1
2226 7
2227 1
2228 51
2229 44
2230 8
2231 3
2232 12
2233 63
2234 5
2235 35
2236 31
2237 18
2238 26
2239 68
2240 12
2241 10
2242 7
2243 132
2244 117
2245 79
2246 43
2247 19
2248 3
2249 18
2250 4
2251 54
2252 5
2253 22
2254 7
2255 13
2256 10
2257 66
2258 16
2259 2
2260 50
2261 45
2262 79
2263 1
2264 1
2265 10
2266 8
2267 15
2268 2
2269 307
2270 82
2271 9
2272 3
2273 1
2274 40
2275 43
2276 14
2277 5
2278 44
2279 39
2280 174
2281 57
2282 32
2283 3
2284 2
2285 111
2286 3
2287 40
2288 66
2289 1
2290 77
2291 28
2292 66
2293 60
2294 4
2295 7
2296 2
2297 37
2298 109
2299 48
2300 27
2301 33
2302 21
2303 28
2304 2
2305 3
2306 200
2307 101
2308 84
2309 16
2310 14
2311 23
2312 79
2313 7
2314 22
2315 9
2316 45
2317 21
2318 1
2319 1
2320 15
2321 1
2322 1
2323 43
2324 20
2325 64
2326 19
2327 15
2328 12
2329 6
2330 9
2331 15
2332 1
2333 30
2334 2
2335 5
2336 18
2337 1
2338 1
2339 3
2340 15
2341 12
2342 2
2343 32
2344 30
2345 6
2346 1
2347 3
2348 21
2349 1
2350 11
2351 40
2352 9
2353 2
2354 13
2355 6
2356 10
2357 72
2358 15
2359 17
2360 8
2361 61
2362 12
2363 48
2364 1
2365 54
2366 48
2367 16
2368 1
2369 10
2370 4
2371 35
2372 88
2373 2
2374 6
2375 19
2376 9
2377 32
2378 17
2379 142
2380 1
2381 6
2382 10
2383 14
2384 7
2385 37
2386 42
2387 1
2388 466
2389 8
2390 30
2391 42
2392 3
2393 27
2394 16
2395 3
2396 10
2397 49
2398 11
2399 2
2400 55
2401 19
2402 1
2403 1
2404 10
2405 15
2406 57
2407 1
2408 18
2409 2
2410 10
2411 5
2412 41
2413 29
2414 78
2415 11
2416 27
2417 26
2418 34
2419 52
2420 3
2421 1
2422 10
2423 9
2424 1
2425 43
2426 1
2427 3
2428 7
2429 10
2430 2
2431 26
2432 66
2433 22
2434 31
2435 147
2436 8
2437 4
2438 112
2439 8
2440 16
2441 13
2442 1
2443 17
2444 156
2445 16
2446 4
2447 180
2448 15
2449 19
2450 14
2451 16
2452 28
2453 6
2454 1
2455 112
2456 1
2457 1
2458 2
2459 1
2460 22
2461 72
2462 14
2463 1
2464 59
2465 8
2466 15
2467 1
2468 37
2469 3
2470 2
2471 22
2472 7
2473 81
2474 5
2475 22
2476 4
2477 31
2478 2
2479 35
2480 19
2481 164
2482 5
2483 45
2484 6
2485 3
2486 11
2487 2
2488 3
2489 1
2490 19
2491 60
2492 7
2493 18
2494 2
2495 2
2496 2
2497 8
2498 3
2499 7
2500 3
2501 4
2502 19
2503 5
2504 11
2505 41
2506 5
2507 3
2508 3
2509 18
2510 1
2511 2
2512 2
2513 15
2514 3
2515 20
2516 4
2517 24
2518 32
2519 11
2520 4
2521 11
2522 1
2523 68
2524 89
2525 12
2526 6
2527 26
2528 38
2529 16
2530 2
2531 44
2532 3
2533 132
2534 13
2535 1
2536 5
2537 1
2538 12
2539 37
2540 11
2541 49
2542 8
2543 1
2544 22
2545 22
2546 1
2547 17
2548 3
2549 3
2550 3
2551 22
2552 13
2553 11
2554 67
2555 14
2556 41
2557 10
2558 34
2559 4
2560 3
2561 6
2562 13
2563 16
2564 18
2565 2
2566 30
2567 22
2568 5
2569 153
2570 30
2571 2
2572 1
2573 4
2574 51
2575 82
2576 108
2577 3
2578 18
2579 51
2580 8
2581 24
2582 4
2583 7
2584 22
2585 48
2586 27
2587 8
2588 11
2589 10
2590 67
2591 5
2592 18
2593 28
2594 20
2595 70
2596 19
2597 5
2598 5
2599 16
2600 5
2601 10
2602 14
2603 29
2604 18
2605 48
2606 41
2607 3
2608 91
2609 2
2610 3
2611 28
2612 3
2613 112
2614 46
2615 1
2616 4
2617 35
2618 4
2619 10
2620 1
2621 2
2622 79
2623 3
2624 39
2625 52
2626 27
2627 1
2628 2
2629 5
2630 1
2631 8
2632 4
2633 4
2634 26
2635 13
2636 3
2637 4
2638 5
2639 25
2640 8
2641 83
2642 8
2643 1
2644 56
2645 30
2646 25
2647 11
2648 48
2649 222
2650 9
2651 131
2652 19
2653 3
2654 4
2655 135
2656 86
2657 1
2658 34
2659 13
2660 8
2661 17
2662 3
2663 4
2664 5
2665 25
2666 39
2667 2
2668 2
2669 3
2670 20
2671 14
2672 31
2673 7
2674 16
2675 123
2676 79
2677 8
2678 4
2679 45
2680 8
2681 189
2682 13
2683 5
2684 11
2685 18
2686 9
2687 36
2688 4
2689 2
2690 205
2691 73
2692 93
2693 14
2694 4
2695 2
2696 13
2697 9
2698 58
2699 4
2700 42
2701 3
2702 12
2703 12
2704 4
2705 195
2706 3
2707 26
2708 7
2709 62
2710 34
2711 38
2712 74
2713 475
2714 18
2715 10
2716 16
2717 9
2718 63
2719 22
2720 1
2721 2
2722 20
2723 8
2724 3
2725 3
2726 15
2727 8
2728 17
2729 59
2730 10
2731 8
2732 8
2733 3
2734 47
2735 4
2736 46
2737 21
2738 4
2739 79
2740 113
2741 9
2742 4
2743 25
2744 1
2745 35
2746 39
2747 76
2748 3
2749 10
2750 4
2751 12
2752 4
2753 12
2754 11
2755 69
2756 25
2757 21
2758 2
2759 12
2760 1
2761 34
2762 22
2763 8
2764 6
2765 14
2766 3
2767 7
2768 17
2769 14
2770 5
2771 32
2772 29
2773 52
2774 3
2775 19
2776 19
2777 5
2778 1
2779 23
2780 5
2781 30
2782 3
2783 9
2784 43
2785 53
2786 78
2787 10
2788 1
2789 17
2790 15
2791 9
2792 107
2793 11
2794 21
2795 16
2796 7
2797 10
2798 1
2799 16
2800 15
2801 104
2802 5
2803 33
2804 5
2805 139
2806 8
2807 2
2808 15
2809 8
2810 5
2811 18
2812 80
2813 10
2814 34
2815 6
2816 25
2817 12
2818 21
2819 24
2820 10
2821 80
2822 51
2823 16
2824 1
2825 3
2826 1
2827 1
2828 1
2829 65
2830 30
2831 1
2832 1
2833 5
2834 2
2835 7
2836 40
2837 32
2838 9
2839 3
2840 152
2841 17
2842 18
2843 1
2844 16
2845 69
2846 2
2847 29
2848 22
2849 3
2850 10
2851 42
2852 8
2853 4
2854 5
2855 36
2856 26
2857 31
2858 5
2859 3
2860 32
2861 137
2862 57
2863 17
2864 2
2865 121
2866 13
2867 20
2868 3
2869 3
2870 17
2871 42
2872 28
2873 5
2874 73
2875 24
2876 30
2877 1
2878 86
2879 3
2880 185
2881 11
2882 10
2883 91
2884 5
2885 1
2886 1
2887 4
2888 293
2889 12
2890 88
2891 5
2892 1
2893 5
2894 88
2895 36
2896 7
2897 62
2898 36
2899 112
2900 82
2901 11
2902 41
2903 10
2904 387
2905 19
2906 18
2907 2
2908 13
2909 4
2910 15
2911 74
2912 21
2913 1
2914 24
2915 2
2916 3
2917 16
2918 1
2919 17
2920 37
2921 1
2922 3
2923 31
2924 1
2925 38
2926 91
2927 44
2928 57
2929 55
2930 25
2931 146
2932 17
2933 78
2934 134
2935 63
2936 13
2937 54
2938 9
2939 13
2940 13
2941 25
2942 43
2943 48
2944 13
2945 19
2946 54
2947 6
2948 52
2949 11
2950 5
2951 272
2952 11
2953 104
2954 11
2955 20
2956 27
2957 11
2958 2
2959 29
2960 9
2961 5
2962 50
2963 1
2964 3
2965 34
2966 35
2967 59
2968 15
2969 78
2970 147
2971 9
2972 47
2973 15
2974 11
2975 1
2976 4
2977 8
2978 2
2979 81
2980 21
2981 20
2982 10
2983 1
2984 22
2985 44
2986 2
2987 22
2988 7
2989 23
2990 49
2991 14
2992 10
2993 37
2994 2
2995 11
2996 16
2997 34
2998 10
2999 28
3000 43
3001 58
3002 14
3003 213
3004 8
3005 79
3006 142
3007 460
3008 50
3009 13
3010 2
3011 23
3012 6
3013 4
3014 3
3015 55
3016 9
3017 56
3018 45
3019 153
3020 369
3021 2
3022 97
3023 3
3024 43
3025 5
3026 2
3027 20
3028 14
3029 4
3030 5
3031 10
3032 13
3033 4
3034 8
3035 22
3036 3
3037 6
3038 2
3039 19
3040 89
3041 11
3042 1
3043 20
3044 10
3045 70
3046 11
3047 1
3048 2
3049 3
3050 173
3051 12
3052 6
3053 22
3054 4
3055 8
3056 6
3057 82
3058 19
3059 8
3060 71
3061 14
3062 53
3063 20
3064 18
3065 34
3066 18
3067 1
3068 6
3069 28
3070 9
3071 13
3072 3
3073 16
3074 1
3075 36
3076 1
3077 27
3078 50
3079 49
3080 37
3081 8
3082 1
3083 7
3084 11
3085 33
3086 58
3087 13
3088 13
3089 21
3090 42
3091 40
3092 2
3093 27
3094 17
3095 4
3096 5
3097 4
3098 47
3099 5
3100 2
3101 39
3102 10
3103 1
3104 57
3105 3
3106 12
3107 13
3108 7
3109 67
3110 10
3111 4
3112 22
3113 6
3114 45
3115 1
3116 10
3117 51
3118 24
3119 11
3120 2
3121 31
3122 28
3123 1
3124 20
3125 2
3126 24
3127 8
3128 12
3129 1
3130 1
3131 13
3132 33
3133 9
3134 8
3135 8
3136 21
3137 17
3138 6
3139 3
3140 3
3141 1
3142 13
3143 1
3144 11
3145 1
3146 9
3147 3
3148 1
3149 5
3150 6
3151 32
3152 2
3153 2
3154 41
3155 1
3156 11
3157 4
3158 11
3159 9
3160 2
3161 8
3162 10
3163 12
3164 19
3165 4
3166 2
3167 2
3168 4
3169 5
3170 16
3171 31
3172 52
3173 2
3174 8
3175 30
3176 17
3177 28
3178 2
3179 18
3180 1
3181 2
3182 3
3183 20
3184 161
3185 32
3186 70
3187 15
3188 1
3189 14
3190 20
3191 1
3192 18
3193 69
3194 38
3195 9
3196 49
3197 23
3198 16
3199 16
3200 7
3201 8
3202 1
3203 2
3204 5
3205 12
3206 2
3207 17
3208 3
3209 1
3210 24
3211 26
3212 6
3213 4
3214 80
3215 7
3216 4
3217 2
3218 10
3219 23
3220 1
3221 5
3222 3
3223 18
3224 62
3225 10
3226 6
3227 2
3228 6
3229 4
3230 1
3231 5
3232 1
3233 40
3234 2
3235 25
3236 1
3237 9
3238 5
3239 8
3240 49
3241 1
3242 11
3243 5
3244 23
3245 33
3246 20
3247 5
3248 25
3249 24
3250 6
3251 2
3252 20
3253 3
3254 2
3255 41
3256 6
3257 99
3258 71
3259 57
3260 13
3261 3
3262 16
3263 4
3264 9
3265 2
3266 5
3267 49
3268 23
3269 76
3270 5
3271 2
3272 5
3273 10
3274 40
3275 13
3276 3
3277 3
3278 6
3279 14
3280 12
3281 7
3282 1
3283 33
3284 15
3285 3
3286 1
3287 2
3288 20
3289 1
3290 3
3291 6
3292 3
3293 3
3294 4
3295 20
3296 6
3297 2
3298 1
3299 74
3300 56
3301 5
3302 6
3303 1
3304 28
3305 3
3306 65
3307 64
3308 8
3309 60
3310 4
3311 30
3312 24
3313 41
3314 1
3315 6
3316 10
3317 21
3318 75
3319 23
3320 58
3321 7
3322 39
3323 9
3324 1
3325 43
3326 36
3327 31
3328 7
3329 19
3330 25
3331 13
3332 40
3333 31
3334 8
3335 2
3336 30
3337 3
3338 5
3339 4
3340 23
3341 5
3342 10
3343 6
3344 28
3345 15
3346 5
3347 5
3348 94
3349 1
3350 35
3351 5
3352 62
3353 4
3354 9
3355 8
3356 6
3357 38
3358 16
3359 7
3360 14
3361 9
3362 9
3363 4
3364 3
3365 1
3366 7
3367 6
3368 3
3369 3
3370 7
3371 8
3372 28
3373 4
3374 6
3375 1
3376 8
3377 2
3378 6
3379 3
3380 1
3381 11
3382 4
3383 6
3384 5
3385 1
3386 1
3387 6
3388 13
3389 9
3390 35
3391 17
3392 4
3393 1
3394 18
3395 2
3396 1
3397 1
3398 1
3399 9
3400 3
3401 15
3402 3
3403 4
3404 1
3405 4
3406 3
3407 54
3408 5
3409 33
3410 1
3411 13
3412 18
3413 9
3414 7
3415 17
3416 17
3417 29
3418 19
3419 32
3420 1
3421 23
3422 45
3423 2
3424 19
3425 77
3426 12
3427 6
3428 4
3429 18
3430 42
3431 179
3432 8
3433 9
3434 4
3435 10
3436 59
3437 84
3438 2
3439 23
3440 53
3441 82
3442 23
3443 11
3444 698
3445 2
3446 4
3447 26
3448 11
3449 8
3450 25
3451 26
3452 72
3453 20
3454 4
3455 134
3456 3
3457 28
3458 9
3459 5
3460 4
3461 2
3462 18
3463 19
3464 34
3465 14
3466 17
3467 114
3468 6
3469 26
3470 7
3471 21
3472 35
3473 1
3474 345
3475 2
3476 5
3477 14
3478 5
3479 58
3480 123
3481 4
3482 22
3483 10
3484 4
3485 4
3486 22
3487 72
3488 27
3489 51
3490 20
3491 5
3492 43
3493 11
3494 10
3495 14
3496 23
3497 37
3498 46
3499 1
3500 11
3501 4
3502 85
3503 24
3504 3
3505 13
3506 63
3507 4
3508 8
3509 1
3510 3
3511 24
3512 1
3513 34
3514 16
3515 22
3516 3
3517 1
3518 2
3519 4
3520 5
3521 6
3522 73
3523 8
3524 14
3525 10
3526 140
3527 15
3528 47
3529 68
3530 15
3531 1
3532 47
3533 18
3534 29
3535 3
3536 25
3537 14
3538 7
3539 2
3540 11
3541 1
3542 3
3543 21
3544 2
3545 31
3546 1
3547 2
3548 27
3549 11
3550 85
3551 1
3552 4
3553 9
3554 11
3555 7
3556 3
3557 10
3558 32
3559 15
3560 7
3561 8
3562 10
3563 8
3564 1
3565 23
3566 53
3567 1
3568 1
3569 65
3570 8
3571 2
3572 46
3573 5
3574 5
3575 7
3576 17
3577 17
3578 7
3579 2
3580 1
3581 3
3582 4
3583 2
3584 5
3585 3
3586 7
3587 9
3588 2
3589 7
3590 22
3591 3
3592 2
3593 1
3594 103
3595 7
3596 57
3597 22
3598 19
3599 26
3600 9
3601 7
3602 46
3603 10
3604 2
3605 12
3606 2
3607 52
3608 21
3609 6
3610 6
3611 21
3612 9
3613 13
3614 4
3615 3
3616 1
3617 37
3618 18
3619 33
3620 6
3621 33
3622 60
3623 72
3624 3
3625 20
3626 42
3627 2
3628 38
3629 81
3630 8
3631 16
3632 29
3633 25
3634 4
3635 25
3636 18
3637 33
3638 5
3639 45
3640 55
3641 40
3642 4
3643 24
3644 27
3645 4
3646 10
3647 8
3648 2
3649 42
3650 33
3651 2
3652 6
3653 7
3654 7
3655 30
3656 46
3657 25
3658 1
3659 14
3660 2
3661 2
3662 9
3663 4
3664 2
3665 13
3666 90
3667 6
3668 25
3669 55
3670 3
3671 13
3672 1
3673 6
3674 9
3675 8
3676 8
3677 6
3678 33
3679 10
3680 7
3681 3
3682 3
3683 1
3684 13
3685 52
3686 4
3687 6
3688 53
3689 1
3690 42
3691 44
3692 20
3693 6
3694 1
3695 16
3696 55
3697 1
3698 8
3699 3
3700 5
3701 1
3702 16
3703 3
3704 55
3705 5
3706 6
3707 13
3708 9
3709 3
3710 6
3711 15
3712 1
3713 22
3714 2
3715 63
3716 3
3717 1
3718 59
3719 9
3720 47
3721 14
3722 1
3723 6
3724 3
3725 9
3726 3
3727 16
3728 1
3729 1
3730 16
3731 15
3732 3
3733 1
3734 8
3735 2
3736 1
3737 10
3738 2
3739 15
3740 26
3741 9
3742 10
3743 2
3744 22
3745 21
3746 8
3747 29
3748 61
3749 3
3750 67
3751 5
3752 1
3753 8
3754 10
3755 19
3756 34
3757 1
3758 31
3759 12
3760 8
3761 1
3762 72
3763 2
3764 14
3765 5
3766 9
3767 19
3768 23
3769 3
3770 1
3771 6
3772 20
3773 12
3774 1
3775 2
3776 2
3777 13
3778 19
3779 2
3780 1
3781 8
3782 8
3783 8
3784 1
3785 9
3786 7
3787 9
3788 2
3789 43
3790 17
3791 6
3792 17
3793 1
3794 12
3795 7
3796 14
3797 2
3798 45
3799 2
3800 56
3801 16
3802 5
3803 6
3804 26
3805 35
3806 1
3807 5
3808 15
3809 38
3810 1
3811 4
3812 3
3813 16
3814 4
3815 33
3816 2
3817 1
3818 1
3819 15
3820 3
3821 4
3822 23
3823 24
3824 7
3825 3
3826 26
3827 1
3828 15
3829 7
3830 6
3831 24
3832 40
3833 4
3834 3
3835 5
3836 20
3837 9
3838 3
3839 6
3840 6
3841 17
3842 1
3843 16
3844 3
3845 1
3846 1
3847 5
3848 12
3849 13
3850 7
3851 1
3852 4
3853 3
3854 53
3855 19
3856 1
3857 3
3858 1
3859 10
3860 6
3861 4
3862 2
3863 2
3864 7
3865 16
3866 3
3867 1
3868 1
3869 6
3870 5
3871 6
3872 7
3873 4
3874 8
3875 11
3876 6
3877 1
3878 2
3879 40
3880 7
3881 13
3882 2
3883 3
3884 4
3885 12
3886 9
3887 1
3888 6
3889 9
3890 2
3891 1
3892 4
3893 8
3894 10
3895 7
3896 15
3897 8
3898 2
3899 4
3900 19
3901 1
3902 13
3903 37
3904 19
3905 10
3906 7
3907 4
3908 21
3909 3
3910 3
3911 11
3912 3
3913 4
3914 57
3915 2
3916 10
3917 9
3918 5
3919 2
3920 19
3921 4
3922 7
3923 11
3924 2
3925 5
3926 2
3927 11
3928 4
3929 8
3930 22
3931 2
3932 3
3933 64
3934 1
3935 8
3936 21
3937 1
3938 3
3939 3
3940 1
3941 21
3942 22
3943 2
3944 11
3945 1
3946 1
3947 1
3948 7
3949 12
3950 15
3951 15
3952 12
3953 1
3954 1
3955 28
3956 14
3957 13
3958 2
3959 2
3960 4
3961 1
3962 3
3963 4
3964 1
3965 12
3966 36
3967 5
3968 9
3969 5
3970 9
3971 1
3972 15
3973 1
3974 1
3975 6
3976 2
3977 40
3978 1
3979 1
3980 1
3981 1
3982 15
3983 34
3984 5
3985 3
3986 15
3987 2
3988 4
3989 1
3990 17
3991 2
3992 60
3993 1
3994 2
3995 3
3996 2
3997 48
3998 37
3999 4
4000 2
4001 1
4002 4
4003 6
4004 3
4005 1
4006 25
4007 10
4008 3
4009 3
4010 5
4011 5
4012 2
4013 27
4014 1
4015 4
4016 3
4017 1
4018 5
4019 1
4020 28
4021 15
4022 2
4023 1
4024 1
4025 7
4026 21
4027 12
4028 24
4029 11
4030 24
4031 2
4032 41
4033 2
4034 5
4035 1
4036 9
4037 1
4038 2
4039 7
4040 1
4041 9
4042 14
4043 8
4044 8
4045 1
4046 8
4047 14
4048 4
4049 14
4050 1
4051 21
4052 1
4053 4
4054 8
4055 51
4056 1
4057 5
4058 5
4059 13
4060 2
4061 1
4062 1
4063 24
4064 68
4065 6
4066 3
4067 7
4068 31
4069 4
4070 76
4071 11
4072 5
4073 20
4074 83
4075 3
4076 16
4077 4
4078 1
4079 3
4080 2
4081 11
4082 1
4083 43
4084 31
4085 6
4086 10
4087 8
4088 2
4089 2
4090 18
4091 17
4092 42
4093 13
4094 41
4095 4
4096 44
4097 21
4098 153
4099 26
4100 90
4101 18
4102 100
4103 26
4104 25
4105 10
4106 40
4107 4
4108 44
4109 8
4110 31
4111 24
4112 17
4113 71
4114 7
4115 33
4116 4
4117 6
4118 9
4119 5
4120 32
4121 16
4122 111
4123 16
4124 23
4125 2
4126 10
4127 4
4128 11
4129 59
4130 10
4131 74
4132 7
4133 4
4134 100
4135 17
4136 93
4137 42
4138 6
4139 6
4140 6
4141 19
4142 8
4143 3
4144 6
4145 8
4146 41
4147 92
4148 6
4149 10
4150 4
4151 1
4152 2
4153 15
4154 31
4155 2
4156 20
4157 10
4158 27
4159 15
4160 12
4161 5
4162 11
4163 5
4164 33
4165 30
4166 1
4167 9
4168 4
4169 5
4170 26
4171 2
4172 1
4173 15
4174 3
4175 14
4176 4
4177 38
4178 15
4179 20
4180 130
4181 2
4182 8
4183 17
4184 27
4185 1
4186 24
4187 6
4188 10
4189 3
4190 3
4191 2
4192 3
4193 2
4194 11
4195 4
4196 2
4197 30
4198 33
4199 18
4200 16
4201 1
4202 46
4203 4
4204 6
4205 92
4206 1
4207 12
4208 4
4209 1
4210 1
4211 1
4212 5
4213 24
4214 10
4215 5
4216 15
4217 47
4218 6
4219 11
4220 22
4221 3
4222 13
4223 7
4224 1
4225 5
4226 41
4227 6
4228 24
4229 38
4230 14
4231 4
4232 15
4233 1
4234 74
4235 2
4236 48
4237 22
4238 3
4239 21
4240 2
4241 2
4242 1
4243 84
4244 4
4245 3
4246 6
4247 23
4248 8
4249 5
4250 22
4251 61
4252 32
4253 11
4254 3
4255 4
4256 34
4257 12
4258 59
4259 26
4260 38
4261 3
4262 40
4263 11
4264 2
4265 8
4266 19
4267 2
4268 20
4269 19
4270 5
4271 21
4272 26
4273 30
4274 9
4275 3
4276 6
4277 50
4278 56
4279 25
4280 2
4281 18
4282 1
4283 7
4284 16
4285 15
4286 22
4287 9
4288 3
4289 8
4290 7
4291 2
4292 20
4293 1
4294 3
4295 27
4296 29
4297 4
4298 35
4299 15
4300 18
4301 11
4302 6
4303 29
4304 4
4305 57
4306 8
4307 6
4308 3
4309 18
4310 22
4311 1
4312 3
4313 14
4314 3
4315 2
4316 1
4317 125
4318 7
4319 24
4320 20
4321 6
4322 11
4323 4
4324 2
4325 10
4326 3
4327 3
4328 8
4329 12
4330 32
4331 43
4332 13
4333 3
4334 30
4335 3
4336 3
4337 2
4338 4
4339 1
4340 11
4341 1
4342 48
4343 15
4344 5
4345 5
4346 1
4347 14
4348 1
4349 2
4350 12
4351 3
4352 1
4353 8
4354 1
4355 3
4356 10
4357 7
4358 16
4359 1
4360 1
4361 2
4362 1
4363 1
4364 12
4365 1
4366 12
4367 9
4368 4
4369 2
4370 15
4371 2
4372 3
4373 4
4374 3
4375 4
4376 1
4377 12
4378 9
4379 1
4380 5
4381 1
4382 2
4383 20
4384 3
4385 3
4386 5
4387 6
4388 2
4389 2
4390 2
4391 9
4392 4
4393 1
4394 32
4395 9
4396 1
4397 7
4398 1
4399 1
4400 20
4401 1
4402 1
4403 10
4404 12
4405 3
4406 1
4407 1
4408 1
4409 1
4410 26
4411 14
4412 3
4413 50
4414 22
4415 31
4416 26
4417 81
4418 8
4419 1
4420 18
4421 19
4422 27
4423 4
4424 71
4425 20
4426 4
4427 4
4428 2
4429 48
4430 2
4431 7
4432 32
4433 16
4434 1
4435 14
4436 1
4437 16
4438 11
4439 29
4440 4
4441 2
4442 4
4443 15
4444 14
4445 13
4446 8
4447 10
4448 3
4449 3
4450 2
4451 2
4452 16
4453 24
4454 2
4455 34
4456 30
4457 4
4458 42
4459 13
4460 4
4461 6
4462 1
4463 5
4464 7
4465 2
4466 55
4467 6
4468 14
4469 1
4470 14
4471 8
4472 2
4473 23
4474 4
4475 14
4476 38
4477 18
4478 3
4479 74
4480 9
4481 18
4482 31
4483 36
4484 25
4485 38
4486 9
4487 12
4488 1
4489 3
4490 7
4491 30
4492 25
4493 7
4494 4
4495 7
4496 15
4497 16
4498 11
4499 2
4500 14
4501 11
4502 12
4503 7
4504 20
4505 5
4506 2
4507 12
4508 5
4509 63
4510 4
4511 2
4512 5
4513 19
4514 101
4515 2
4516 4
4517 28
4518 17
4519 3
4520 12
4521 7
4522 24
4523 1
4524 24
4525 7
4526 6
4527 7
4528 26
4529 6
4530 31
4531 14
4532 69
4533 6
4534 11
4535 4
4536 1
4537 24
4538 100
4539 12
4540 32
4541 3
4542 7
4543 1
4544 13
4545 27
4546 6
4547 1
4548 1
4549 2
4550 53
4551 5
4552 4
4553 4
4554 9
4555 2
4556 14
4557 3
4558 17
4559 3
4560 6
4561 1
4562 1
4563 2
4564 25
4565 1
4566 1
4567 1
4568 1
4569 35
4570 3
4571 25
4572 3
4573 11
4574 3
4575 3
4576 2
4577 8
4578 3
4579 1
4580 56
4581 2
4582 2
4583 1
4584 8
4585 12
4586 8
4587 61
4588 27
4589 29
4590 6
4591 7
4592 4
4593 4
4594 2
4595 9
4596 7
4597 5
4598 22
4599 4
4600 4
4601 6
4602 5
4603 2
4604 5
4605 19
4606 4
4607 4
4608 1
4609 6
4610 8
4611 1
4612 1
4613 8
4614 3
4615 1
4616 17
4617 1
4618 5
4619 9
4620 2
4621 1
4622 8
4623 6
4624 9
4625 22
4626 8
4627 4
4628 1
4629 22
4630 12
4631 13
4632 32
4633 1
4634 35
4635 31
4636 2
4637 7
4638 5
4639 8
4640 8
4641 3
4642 9
4643 16
4644 58
4645 2
4646 30
4647 6
4648 1
4649 2
4650 4
4651 5
4652 192
4653 37
4654 2
4655 63
4656 8
4657 5
4658 35
4659 3
4660 254
4661 2
4662 38
4663 10
4664 59
4665 41
4666 4
4667 11
4668 10
4669 1
4670 9
4671 7
4672 1
4673 8
4674 8
4675 8
4676 9
4677 4
4678 52
4679 1
4680 1
4681 14
4682 3
4683 20
4684 14
4685 6
4686 88
4687 4
4688 1
4689 10
4690 1
4691 52
4692 1
4693 484
4694 1
4695 7
4696 4
4697 2
4698 95
4699 10
4700 5
4701 19
4702 2
4703 14
4704 2
4705 33
4706 1
4707 3
4708 4
4709 1
4710 28
4711 8
4712 27
4713 1
4714 5
4715 9
4716 4
4717 2
4718 52
4719 2
4720 17
4721 2
4722 6
4723 10
4724 4
4725 29
4726 35
4727 1
4728 3
4729 1
4730 2
4731 8
4732 4
4733 9
4734 10
4735 1
4736 5
4737 13
4738 1
4739 3
4740 3
4741 1
4742 7
4743 2
4744 7
4745 15
4746 1
4747 31
4748 1
4749 9
4750 25
4751 14
4752 2
4753 4
4754 6
4755 4
4756 6
4757 1
4758 1
4759 4
4760 2
4761 3
4762 5
4763 40
4764 1
4765 2
4766 1
4767 10
4768 56
4769 12
4770 3
4771 18
4772 6
4773 12
4774 17
4775 1
4776 9
4777 10
4778 2
4779 14
4780 46
4781 4
4782 6
4783 4
4784 10
4785 6
4786 3
4787 2
4788 2
4789 6
4790 9
4791 4
4792 3
4793 1
4794 9
4795 4
4796 9
4797 1
4798 30
4799 3
4800 2
4801 9
4802 4
4803 10
4804 4
4805 16
4806 11
4807 8
4808 4
4809 1
4810 2
4811 2
4812 47
4813 1
4814 10
4815 3
4816 1
4817 1
4818 27
4819 28
4820 3
4821 6
4822 24
4823 1
4824 3
4825 9
4826 2
4827 2
4828 1
4829 8
4830 12
4831 2
4832 2
4833 4
4834 1
4835 2
4836 1
4837 14
4838 4
4839 11
4840 3
4841 6
4842 1
4843 4
4844 4
4845 2
4846 2
4847 4
4848 4
4849 2
4850 3
4851 20
4852 4
4853 1
4854 9
4855 1
4856 7
4857 1
4858 3
4859 2
4860 4
4861 183
4862 1
4863 32
4864 13
4865 16
4866 39
4867 5
4868 10
4869 2
4870 1
4871 2
4872 21
4873 6
4874 4
4875 7
4876 1
4877 28
4878 5
4879 3
4880 6
4881 16
4882 8
4883 5
4884 4
4885 31
4886 5
4887 1
4888 7
4889 3
4890 1
4891 1
4892 1
4893 409
4894 4
4895 2
4896 2
4897 21
4898 7
4899 4
4900 1
4901 1
4902 4
4903 8
4904 1
4905 6
4906 3
4907 1
4908 9
4909 1
4910 11
4911 3
4912 2
4913 46
4914 1
4915 28
4916 19
4917 1
4918 6
4919 5
4920 21
4921 8
4922 8
4923 70
4924 18
4925 1
4926 4
4927 50
4928 51
4929 12
4930 7
4931 8
4932 50
4933 1
4934 5
4935 18
4936 3
4937 8
4938 5
4939 53
4940 2
4941 7
4942 1
4943 19
4944 8
4945 7
4946 3
4947 7
4948 1
4949 1
4950 3
4951 14
4952 1
4953 1
4954 2
4955 2
4956 31
4957 2
4958 1
4959 9
4960 1
4961 27
4962 3
4963 1
4964 2
4965 1
4966 10
4967 5
4968 41
4969 6
4970 19
4971 4
4972 4
4973 3
4974 1
4975 11
4976 2
4977 15
4978 1
4979 2
4980 3
4981 16
4982 41
4983 5
4984 2
4985 79
4986 1
4987 4
4988 3
4989 11
4990 1
4991 7
4992 19
4993 7
4994 2
4995 3
4996 1
4997 2
4998 11
4999 13
5000 4
5001 3
5002 7
5003 2
5004 60
5005 8
5006 1
5007 46
5008 16
5009 22
5010 5
5011 22
5012 2
5013 3
5014 2
5015 5
5016 5
5017 24
5018 5
5019 5
5020 51
5021 7
5022 18
5023 29
5024 63
5025 3
5026 24
5027 3
5028 1
5029 30
5030 25
5031 65
5032 1
5033 20
5034 22
5035 15
5036 2
5037 26
5038 7
5039 1
5040 2
5041 5
5042 1
5043 2
5044 3
5045 2
5046 31
5047 4
5048 10
5049 1
5050 4
5051 9
5052 32
5053 13
5054 16
5055 18
5056 17
5057 2
5058 5
5059 3
5060 4
5061 19
5062 15
5063 8
5064 12
5065 27
5066 13
5067 7
5068 1
5069 22
5070 4
5071 15
5072 6
5073 2
5074 3
5075 23
5076 5
5077 2
5078 7
5079 1
5080 11
5081 8
5082 5
5083 19
5084 9
5085 4
5086 1
5087 7
5088 2
5089 5
5090 11
5091 6
5092 3
5093 3
5094 2
5095 14
5096 1
5097 2
5098 1
5099 4
5100 18
5101 5
5102 3
5103 7
5104 6
5105 28
5106 8
5107 4
5108 37
5109 3
5110 11
5111 6
5112 2
5113 6
5114 23
5115 1
5116 10
5117 1
5118 1
5119 8
5120 6
5121 4
5122 6
5123 7
5124 20
5125 30
5126 1
5127 23
5128 21
5129 2
5130 30
5131 6
5132 14
5133 7
5134 3
5135 5
5136 10
5137 13
5138 3
5139 7
5140 4
5141 2
5142 2
5143 3
5144 79
5145 2
5146 10
5147 1
5148 3
5149 4
5150 15
5151 67
5152 9
5153 8
5154 24
5155 1
5156 7
5157 5
5158 24
5159 10
5160 5
5161 25
5162 19
5163 10
5164 3
5165 18
5166 3
5167 16
5168 40
5169 1
5170 1
5171 3
5172 6
5173 7
5174 1
5175 6
5176 1
5177 15
5178 1
5179 5
5180 61
5181 17
5182 4
5183 6
5184 7
5185 1
5186 1
5187 2
5188 2
5189 10
5190 9
5191 2
5192 2
5193 5
5194 3
5195 2
5196 9
5197 1
5198 7
5199 1
5200 22
5201 40
5202 2
5203 4
5204 31
5205 2
5206 7
5207 24
5208 10
5209 21
5210 3
5211 9
5212 35
5213 4
5214 1
5215 6
5216 17
5217 1
5218 13
5219 3
5220 5
5221 5
5222 25
5223 1
5224 46
5225 5
5226 7
5227 2
5228 21
5229 1
5230 7
5231 1
5232 11
5233 3
5234 6
5235 13
5236 6
5237 11
5238 1
5239 15
5240 1
5241 12
5242 2
5243 1
5244 11
5245 7
5246 1
5247 6
5248 2
5249 2
5250 2
5251 8
5252 1
5253 1
5254 1
5255 8
5256 13
5257 11
5258 5
5259 4
5260 73
5261 4
5262 4
5263 1
5264 11
5265 26
5266 23
5267 8
5268 2
5269 2
5270 1
5271 23
5272 3
5273 1
5274 3
5275 1
5276 1
5277 5
5278 4
5279 8
5280 13
5281 11
5282 6
5283 10
5284 2
5285 17
5286 1
5287 1
5288 17
5289 2
5290 9
5291 2
5292 5
5293 6
5294 4
5295 2
5296 5
5297 14
5298 2
5299 2
5300 1
5301 2
5302 13
5303 9
5304 1
5305 3
5306 4
5307 4
5308 2
5309 1
5310 23
5311 1
5312 16
5313 1
5314 2
5315 6
5316 3
5317 4
5318 8
5319 3
5320 6
5321 8
5322 2
5323 1
5324 6
5325 4
5326 7
5327 20
5328 2
5329 5
5330 41
5331 10
5332 3
5333 16
5334 7
5335 1
5336 23
5337 8
5338 5
5339 6
5340 6
5341 1
5342 10
5343 10
5344 1
5345 1
5346 9
5347 30
5348 9
5349 1
5350 32
5351 5
5352 2
5353 4
5354 37
5355 6
5356 16
5357 1
5358 1
5359 8
5360 7
5361 1
5362 3
5363 2
5364 1
5365 6
5366 21
5367 6
5368 14
5369 56
5370 2
5371 15
5372 3
5373 38
5374 10
5375 2
5376 3
5377 10
5378 19
5379 15
5380 2
5381 28
5382 5
5383 4
5384 39
5385 12
5386 27
5387 3
5388 3
5389 1
5390 1
5391 8
5392 7
5393 23
5394 3
5395 6
5396 33
5397 20
5398 3
5399 13
5400 4
5401 4
5402 5
5403 5
5404 15
5405 29
5406 8
5407 2
5408 2
5409 30
5410 11
5411 7
5412 23
5413 35
5414 18
5415 1
5416 11
5417 4
5418 6
5419 22
5420 4
5421 8
5422 5
5423 19
5424 3
5425 4
5426 3
5427 21
5428 5
5429 4
5430 2
5431 11
5432 3
5433 31
5434 9
5435 1
5436 1
5437 2
5438 1
5439 6
5440 1
5441 2
5442 6
5443 2
5444 1
5445 32
5446 4
5447 3
5448 2
5449 1
5450 3
5451 40
5452 1
5453 4
5454 2
5455 4
5456 38
5457 1
5458 8
5459 2
5460 2
5461 4
5462 28
5463 4
5464 17
5465 1
5466 1
5467 2
5468 5
5469 3
5470 2
5471 1
5472 1
5473 9
5474 1
5475 2
5476 1
5477 2
5478 19
5479 5
5480 3
5481 2
5482 3
5483 3
5484 6
5485 2
5486 4
5487 45
5488 2
5489 3
5490 12
5491 10
5492 2
5493 12
5494 1
5495 4
5496 7
5497 7
5498 2
5499 3
5500 8
5501 1
5502 4
5503 2
5504 1
5505 5
5506 6
5507 30
5508 16
5509 3
5510 2
5511 1
5512 12
5513 4
5514 4
5515 3
5516 11
5517 12
5518 3
5519 2
5520 1
5521 9
5522 2
5523 12
5524 5
5525 1
5526 2
5527 8
5528 40
5529 3
5530 2
5531 6
5532 2
5533 5
5534 6
5535 32
5536 7
5537 3
5538 5
5539 9
5540 2
5541 40
5542 1
5543 126
5544 2
5545 8
5546 4
5547 9
5548 4
5549 3
5550 1
5551 1
5552 2
5553 1
5554 9
5555 4
5556 30
5557 1
5558 1
5559 7
5560 2
5561 1
5562 7
5563 19
5564 7
5565 1
5566 1
5567 1
5568 4
5569 4
5570 2
5571 1
5572 11
5573 1
5574 6
5575 3
5576 2
5577 3
5578 3
5579 2
5580 3
5581 4
5582 11
5583 3
5584 1
5585 3
5586 1
5587 16
5588 5
5589 1
5590 10
5591 1
5592 2
5593 3
5594 3
5595 2
5596 1
5597 10
5598 11
5599 8
5600 2
5601 10
5602 24
5603 1
5604 3
5605 7
5606 5
5607 2
5608 12
5609 1
5610 8
5611 2
5612 1
5613 2
5614 1
5615 9
5616 5
5617 1
5618 10
5619 7
5620 5
5621 3
5622 6
5623 4
5624 1
5625 5
5626 5
5627 8
5628 1
5629 5
5630 5
5631 1
5632 8
5633 24
5634 7
5635 8
5636 3
5637 1
5638 3
5639 3
5640 10
5641 2
5642 3
5643 12
5644 3
5645 7
5646 13
5647 4
5648 3
5649 9
5650 23
5651 1
5652 1
5653 14
5654 2
5655 9
5656 7
5657 2
5658 1
5659 7
5660 24
5661 56
5662 1
5663 7
5664 1
5665 2
5666 16
5667 17
5668 4
5669 3
5670 22
5671 13
5672 8
5673 3
5674 4
5675 80
5676 2
5677 2
5678 1
5679 6
5680 1
5681 2
5682 10
5683 17
5684 2
5685 6
5686 3
5687 3
5688 6
5689 3
5690 6
5691 2
5692 19
5693 1
5694 9
5695 1
5696 13
5697 4
5698 1
5699 33
5700 20
5701 2
5702 13
5703 12
5704 13
5705 4
5706 14
5707 18
5708 4
5709 10
5710 11
5711 3
5712 2
5713 7
5714 3
5715 5
5716 2
5717 1
5718 1
5719 17
5720 4
5721 1
5722 2
5723 1
5724 2
5725 1
5726 1
5727 8
5728 5
5729 1
5730 6
5731 7
5732 1
5733 2
5734 10
5735 6
5736 2
5737 6
5738 8
5739 12
5740 2
5741 39
5742 1
5743 1
5744 3
5745 3
5746 3
5747 4
5748 1
5749 4
5750 2
5751 3
5752 1
5753 28
5754 21
5755 1
5756 3
5757 1
5758 12
5759 3
5760 1
5761 6
5762 1
5763 1
5764 6
5765 7
5766 2
5767 1
5768 4
5769 1
5770 3
5771 2
5772 4
5773 1
5774 14
5775 8
5776 3
5777 3
5778 2
5779 20
5780 1
5781 11
5782 9
5783 2
5784 5
5785 9
5786 1
5787 7
5788 5
5789 8
5790 5
5791 13
5792 11
5793 1
5794 3
5795 1
5796 9
5797 21
5798 7
5799 5
5800 3
5801 3
5802 1
5803 10
5804 2
5805 5
5806 6
5807 3
5808 4
5809 4
5810 4
5811 6
5812 1
5813 3
5814 1
5815 1
5816 1
5817 4
5818 1
5819 2
5820 1
5821 1
5822 4
5823 3
5824 1
5825 1
5826 2
5827 5
5828 1
5829 4
5830 16
5831 1
5832 2
5833 1
5834 7
5835 4
5836 5
5837 3
5838 1
5839 9
5840 1
5841 2
5842 5
5843 5
5844 5
5845 2
5846 2
5847 2
5848 2
5849 7
5850 1
5851 1
5852 1
5853 2
5854 1
5855 4
5856 11
5857 13
5858 4
5859 2
5860 1
5861 1
5862 1
5863 1
5864 1
5865 9
5866 9
5867 9
5868 9
5869 1
5870 1
5871 6
5872 18
5873 1
5874 1
5875 16
5876 21
5877 4
5878 1
5879 20
5880 1
5881 1
5882 1
5883 5
5884 10
5885 4
5886 3
5887 1
5888 1
5889 1
5890 6
5891 3
5892 1
5893 10
5894 34
5895 4
5896 1
5897 2
5898 9
5899 2
5900 7
5901 1
5902 6
5903 1
5904 1
5905 5
5906 4
5907 4
5908 3
5909 4
5910 10
5911 5
5912 6
5913 11
5914 6
5915 1
5916 26
5917 7
5918 1
5919 1
5920 24
5921 6
5922 4
5923 13
5924 6
5925 44
5926 25
5927 10
5928 29
5929 1
5930 7
5931 37
5932 11
5933 3
5934 42
5935 5
5936 6
5937 22
5938 2
5939 36
5940 20
5941 9
5942 2
5943 1
5944 19
5945 6
5946 2
5947 9
5948 1
5949 10
5950 8
5951 4
5952 5
5953 21
5954 4
5955 6
5956 17
5957 17
5958 46
5959 10
5960 189
5961 30
5962 2
5963 15
5964 3
5965 37
5966 42
5967 5
5968 1
5969 8
5970 64
5971 15
5972 31
5973 2
5974 1
5975 4
5976 3
5977 7
5978 14
5979 1
5980 1
5981 1
5982 16
5983 1
5984 64
5985 3
5986 2
5987 3
5988 6
5989 4
5990 4
5991 3
5992 1
5993 2
5994 28
5995 2
5996 9
5997 4
5998 4
5999 4
6000 2
6001 2
6002 22
6003 7
6004 6
6005 12
6006 2
6007 3
6008 11
6009 8
6010 3
6011 3
6012 2
6013 3
6014 3
6015 20
6016 7
6017 1
6018 2
6019 34
6020 1
6021 3
6022 4
6023 21
6024 2
6025 7
6026 9
6027 7
6028 7
6029 5
6030 3
6031 8
6032 2
6033 4
6034 4
6035 4
6036 2
6037 19
6038 14
6039 10
6040 12
6041 1
6042 1
6043 10
6044 10
6045 11
6046 1
6047 2
6048 6
6049 2
6050 26
6051 17
6052 21
6053 3
6054 1
6055 13
6056 39
6057 2
6058 7
6059 1
6060 12
6061 9
6062 6
6063 12
6064 3
6065 17
6066 10
6067 4
6068 7
6069 15
6070 11
6071 22
6072 22
6073 1
6074 1
6075 2
6076 3
6077 10
6078 3
6079 5
6080 9
6081 14
6082 2
6083 5
6084 3
6085 2
6086 1
6087 47
6088 19
6089 13
6090 3
6091 1
6092 7
6093 3
6094 3
6095 2
6096 12
6097 3
6098 1
6099 7
6100 1
6101 20
6102 5
6103 2
6104 6
6105 1
6106 14
6107 13
6108 40
6109 1
6110 1
6111 2
6112 10
6113 1
6114 2
6115 2
6116 4
6117 5
6118 2
6119 31
6120 3
6121 2
6122 1
6123 5
6124 2
6125 14
6126 2
6127 3
6128 16
6129 1
6130 1
6131 1
6132 1
6133 2
6134 7
6135 2
6136 5
6137 25
6138 7
6139 1
6140 4
6141 3
6142 2
6143 1
6144 1
6145 3
6146 13
6147 1
6148 1
6149 1
6150 9
6151 3
6152 1
6153 1
6154 2
6155 1
6156 3
6157 3
6158 3
6159 2
6160 1
6161 7
6162 1
6163 1
6164 1
6165 8
6166 6
6167 8
6168 8
6169 6
6170 2
6171 13
6172 1
6173 3
6174 1
6175 1
6176 1
6177 2
6178 1
6179 2
6180 2
6181 6
6182 12
6183 2
6184 2
6185 1
6186 1
6187 1
6188 1
6189 2
6190 14
6191 2
6192 1
6193 4
6194 4
6195 2
6196 2
6197 3
6198 1
6199 1
6200 1
6201 3
6202 2
6203 8
6204 13
6205 8
6206 4
6207 1
6208 16
6209 9
6210 40
6211 1
6212 2
6213 5
6214 3
6215 2
6216 1
6217 1
6218 4
6219 8
6220 1
6221 3
6222 12
6223 4
6224 2
6225 2
6226 1
6227 1
6228 1
6229 6
6230 2
6231 4
6232 1
6233 1
6234 2
6235 2
6236 5
6237 3
6238 2
6239 6
6240 1
6241 1
6242 10
6243 13
6244 1
6245 4
6246 1
6247 5
6248 1
6249 6
6250 8
6251 15
6252 8
6253 17
6254 1
6255 10
6256 1
6257 7
6258 2
6259 1
6260 10
6261 4
6262 4
6263 1
6264 16
6265 9
6266 3
6267 12
6268 4
6269 1
6270 7
6271 16
6272 3
6273 19
6274 10
6275 5
6276 5
6277 6
6278 5
6279 3
6280 2
6281 12
6282 1
6283 1
6284 1
6285 10
6286 1
6287 14
6288 4
6289 3
6290 5
6291 19
6292 3
6293 15
6294 6
6295 36
6296 2
6297 3
6298 4
6299 17
6300 24
6301 9
6302 6
6303 4
6304 4
6305 10
6306 8
6307 4
6308 9
6309 20
6310 3
6311 2
6312 3
6313 99
6314 8
6315 8
6316 6
6317 5
6318 2
6319 4
6320 6
6321 6
6322 6
6323 6
6324 3
6325 3
6326 19
6327 1
6328 5
6329 21
6330 1
6331 4
6332 1
6333 1
6334 9
6335 4
6336 5
6337 2
6338 2
6339 5
6340 1
6341 3
6342 1
6343 1
6344 1
6345 4
6346 3
6347 1
6348 3
6349 1
6350 1
6351 8
6352 2
6353 2
6354 7
6355 17
6356 28
6357 2
6358 2
6359 1
6360 1
6361 1
6362 5
6363 4
6364 11
6365 1
6366 2
6367 2
6368 7
6369 3
6370 3
6371 1
6372 1
6373 12
6374 5
6375 5
6376 1
6377 11
6378 4
6379 1
6380 5
6381 1
6382 18
6383 3
6384 1
6385 1
6386 8
6387 2
6388 6
6389 1
6390 4
6391 1
6392 5
6393 1
6394 5
6395 1
6396 1
6397 6
6398 13
6399 3
6400 6
6401 1
6402 3
6403 2
6404 17
6405 12
6406 6
6407 9
6408 1
6409 5
6410 1
6411 1
6412 1
6413 1
6414 5
6415 2
6416 5
6417 1
6418 3
6419 2
6420 13
6421 3
6422 3
6423 8
6424 2
6425 11
6426 2
6427 15
6428 4
6429 39
6430 1
6431 6
6432 1
6433 7
6434 1
6435 30
6436 21
6437 3
6438 1
6439 1
6440 1
6441 1
6442 3
6443 6
6444 2
6445 2
6446 15
6447 15
6448 3
6449 9
6450 7
6451 9
6452 12
6453 9
6454 1
6455 15
6456 3
6457 5
6458 14
6459 8
6460 15
6461 3
6462 2
6463 3
6464 1
6465 10
6466 3
6467 8
6468 5
6469 7
6470 1
6471 3
6472 12
6473 1
6474 4
6475 2
6476 8
6477 3
6478 18
6479 7
6480 10
6481 5
6482 1
6483 6
6484 1
6485 3
6486 1
6487 1
6488 1
6489 1
6490 17
6491 1
6492 1
6493 12
6494 4
6495 23
6496 4
6497 13
6498 17
6499 17
6500 27
6501 8
6502 1
6503 10
6504 5
6505 32
6506 9
6507 20
6508 1
6509 3
6510 6
6511 4
6512 7
6513 4
6514 4
6515 19
6516 9
6517 2
6518 5
6519 3
6520 8
6521 28
6522 16
6523 1
6524 19
6525 2
6526 7
6527 7
6528 48
6529 7
6530 4
6531 9
6532 3
6533 2
6534 17
6535 4
6536 3
6537 1
6538 3
6539 57
6540 2
6541 3
6542 1
6543 11
6544 50
6545 4
6546 7
6547 2
6548 8
6549 10
6550 1
6551 8
6552 1
6553 2
6554 35
6555 8
6556 3
6557 7
6558 2
6559 1
6560 1
6561 6
6562 3
6563 14
6564 1
6565 41
6566 8
6567 1
6568 1
6569 3
6570 8
6571 21
6572 2
6573 8
6574 2
6575 1
6576 2
6577 3
6578 14
6579 1
6580 1
6581 7
6582 4
6583 7
6584 40
6585 14
6586 2
6587 1
6588 6
6589 1
6590 6
6591 1
6592 3
6593 1
6594 2
6595 1
6596 1
6597 4
6598 1
6599 4
6600 6
6601 6
6602 3
6603 32
6604 3
6605 7
6606 12
6607 27
6608 5
6609 1
6610 1
6611 1
6612 7
6613 8
6614 2
6615 10
6616 4
6617 2
6618 10
6619 8
6620 26
6621 4
6622 5
6623 4
6624 3
6625 3
6626 4
6627 1
6628 9
6629 1
6630 3
6631 1
6632 3
6633 3
6634 27
6635 7
6636 1
6637 5
6638 1
6639 4
6640 2
6641 8
6642 19
6643 2
6644 5
6645 3
6646 23
6647 10
6648 5
6649 9
6650 7
6651 4
6652 2
6653 2
6654 8
6655 2
6656 8
6657 4
6658 4
6659 1
6660 8
6661 14
6662 9
6663 3
6664 2
6665 1
6666 1
6667 6
6668 4
6669 1
6670 8
6671 2
6672 3
6673 2
6674 1
6675 1
6676 11
6677 5
6678 3
6679 1
6680 7
6681 3
6682 19
6683 2
6684 6
6685 4
6686 2
6687 2
6688 3
6689 3
6690 7
6691 6
6692 2
6693 4
6694 1
6695 2
6696 3
6697 1
6698 2
6699 1
6700 5
6701 3
6702 9
6703 1
6704 6
6705 4
6706 2
6707 1
6708 2
6709 3
6710 1
6711 3
6712 1
6713 1
6714 4
6715 1
6716 2
6717 6
6718 6
6719 3
6720 1
6721 4
6722 2
6723 1
6724 5
6725 1
6726 5
6727 28
6728 1
6729 3
6730 5
6731 5
6732 4
6733 3
6734 12
6735 17
6736 47
6737 40
6738 6
6739 4
6740 2
6741 3
6742 1
6743 1
6744 1
6745 9
6746 3
6747 2
6748 8
6749 23
6750 2
6751 4
6752 6
6753 5
6754 2
6755 4
6756 1
6757 2
6758 1
6759 53
6760 3
6761 15
6762 3
6763 2
6764 12
6765 4
6766 3
6767 5
6768 2
6769 2
6770 8
6771 2
6772 6
6773 2
6774 2
6775 12
6776 2
6777 1
6778 1
6779 34
6780 3
6781 1
6782 3
6783 5
6784 2
6785 2
6786 2
6787 4
6788 2
6789 15
6790 24
6791 2
6792 2
6793 5
6794 18
6795 4
6796 3
6797 1
6798 6
6799 3
6800 10
6801 5
6802 3
6803 2
6804 13
6805 10
6806 2
6807 4
6808 8
6809 3
6810 1
6811 1
6812 5
6813 2
6814 13
6815 3
6816 2
6817 19
6818 2
6819 1
6820 9
6821 11
6822 1
6823 2
6824 6
6825 2
6826 5
6827 2
6828 3
6829 10
6830 4
6831 5
6832 5
6833 1
6834 1
6835 1
6836 3
6837 3
6838 1
6839 2
6840 6
6841 1
6842 7
6843 17
6844 4
6845 14
6846 1
6847 2
6848 2
6849 2
6850 3
6851 3
6852 4
6853 6
6854 1
6855 1
6856 1
6857 4
6858 2
6859 2
6860 1
6861 1
6862 4
6863 1
6864 5
6865 1
6866 2
6867 2
6868 1
6869 1
6870 1
6871 1
6872 3
6873 1
6874 5
6875 2
6876 1
6877 4
6878 3
6879 3
6880 1
6881 3
6882 12
6883 16
6884 3
6885 8
6886 2
6887 1
6888 2
6889 6
6890 4
6891 2
6892 1
6893 1
6894 46
6895 1
6896 5
6897 7
6898 2
6899 9
6900 1
6901 40
6902 1
6903 15
6904 5
6905 25
6906 6
6907 2
6908 2
6909 1
6910 4
6911 1
6912 13
6913 3
6914 5
6915 6
6916 1
6917 2
6918 1
6919 3
6920 1
6921 3
6922 7
6923 2
6924 3
6925 1
6926 10
6927 44
6928 12
6929 3
6930 1
6931 1
6932 4
6933 1
6934 2
6935 2
6936 1
6937 2
6938 16
6939 1
6940 2
6941 7
6942 2
6943 1
6944 1
6945 8
6946 1
6947 1
6948 8
6949 2
6950 2
6951 5
6952 1
6953 1
6954 1
6955 5
6956 2
6957 4
6958 5
6959 3
6960 6
6961 2
6962 11
6963 1
6964 1
6965 7
6966 1
6967 3
6968 8
6969 1
6970 5
6971 6
6972 1
6973 3
6974 3
6975 2
6976 6
6977 4
6978 5
6979 7
6980 1
6981 1
6982 2
6983 13
6984 13
6985 8
6986 1
6987 1
6988 3
6989 5
6990 8
6991 1
6992 10
6993 1
6994 1
6995 1
6996 2
6997 6
6998 4
6999 36
7000 2
7001 34
7002 8
7003 10
7004 42
7005 2
7006 5
7007 2
7008 11
7009 20
7010 13
7011 12
7012 19
7013 5
7014 5
7015 12
7016 9
7017 6
7018 4
7019 27
7020 40
7021 4
7022 3
7023 5
7024 2
7025 7
7026 5
7027 2
7028 9
7029 15
7030 15
7031 7
7032 9
7033 3
7034 3
7035 8
7036 5
7037 6
7038 2
7039 8
7040 42
7041 6
7042 8
7043 2
7044 27
7045 3
7046 5
7047 2
7048 1
7049 10
7050 8
7051 8
7052 1
7053 2
7054 4
7055 5
7056 4
7057 5
7058 4
7059 3
7060 3
7061 1
7062 25
7063 5
7064 2
7065 17
7066 4
7067 2
7068 3
7069 1
7070 3
7071 7
7072 1
7073 3
7074 2
7075 3
7076 1
7077 8
7078 14
7079 2
7080 9
7081 10
7082 1
7083 5
7084 2
7085 2
7086 8
7087 1
7088 1
7089 18
7090 3
7091 1
7092 2
7093 3
7094 4
7095 2
7096 12
7097 8
7098 4
7099 2
7100 1
7101 2
7102 1
7103 4
7104 3
7105 2
7106 5
7107 2
7108 4
7109 8
7110 14
7111 2
7112 3
7113 7
7114 14
7115 2
7116 4
7117 10
7118 2
7119 5
7120 11
7121 5
7122 2
7123 1
7124 7
7125 10
7126 2
7127 2
7128 7
7129 2
7130 1
7131 2
7132 4
7133 1
7134 5
7135 3
7136 2
7137 2
7138 4
7139 6
7140 2
7141 4
7142 16
7143 3
7144 1
7145 8
7146 1
7147 2
7148 6
7149 1
7150 9
7151 6
7152 3
7153 1
7154 1
7155 3
7156 1
7157 3
7158 5
7159 2
7160 3
7161 3
7162 11
7163 1
7164 13
7165 1
7166 1
7167 1
7168 5
7169 4
7170 2
7171 2
7172 2
7173 9
7174 1
7175 5
7176 1
7177 3
7178 4
7179 4
7180 1
7181 1
7182 2
7183 1
7184 3
7185 2
7186 1
7187 1
7188 1
7189 3
7190 1
7191 2
7192 2
7193 3
7194 6
7195 4
7196 4
7197 1
7198 4
7199 8
7200 7
7201 2
7202 3
7203 1
7204 4
7205 1
7206 3
7207 19
7208 2
7209 1
7210 3
7211 4
7212 5
7213 11
7214 8
7215 6
7216 14
7217 5
7218 2
7219 27
7220 1
7221 4
7222 4
7223 5
7224 51
7225 6
7226 4
7227 13
7228 8
7229 5
7230 4
7231 6
7232 15
7233 6
7234 3
7235 5
7236 4
7237 4
7238 9
7239 1
7240 6
7241 3
7242 5
7243 1
7244 2
7245 1
7246 15
7247 9
7248 14
7249 1
7250 16
7251 1
7252 8
7253 1
7254 1
7255 4
7256 11
7257 1
7258 3
7259 2
7260 2
7261 19
7262 7
7263 2
7264 1
7265 1
7266 6
7267 4
7268 2
7269 7
7270 3
7271 23
7272 1
7273 11
7274 3
7275 1
7276 1
7277 3
7278 2
7279 20
7280 32
7281 25
7282 1
7283 8
7284 7
7285 1
7286 1
7287 8
7288 1
7289 1
7290 1
7291 5
7292 1
7293 7
7294 1
7295 14
7296 1
7297 2
7298 4
7299 1
7300 12
7301 22
7302 1
7303 2
7304 21
7305 1
7306 7
7307 86
7308 8
7309 2
7310 63
7311 31
7312 1
7313 1
7314 2
7315 13
7316 7
7317 1
7318 9
7319 69
7320 3
7321 2
7322 1
7323 28
7324 1
7325 5
7326 9
7327 1
7328 1
7329 3
7330 10
7331 14
7332 1
7333 4
7334 4
7335 2
7336 1
7337 5
7338 5
7339 1
7340 3
7341 3
7342 20
7343 6
7344 1
7345 11
7346 12
7347 5
7348 1
7349 9
7350 14
7351 3
7352 8
7353 24
7354 2
7355 8
7356 1
7357 7
7358 5
7359 1
7360 2
7361 3
7362 6
7363 3
7364 8
7365 3
7366 1
7367 5
7368 1
7369 1
7370 8
7371 5
7372 22
7373 2
7374 6
7375 16
7376 14
7377 20
7378 6
7379 3
7380 2
7381 2
7382 2
7383 4
7384 4
7385 2
7386 11
7387 22
7388 2
7389 4
7390 4
7391 17
7392 2
7393 2
7394 1
7395 3
7396 2
7397 29
7398 2
7399 1
7400 4
7401 1
7402 1
7403 1
7404 3
7405 1
7406 1
7407 3
7408 1
7409 2
7410 38
7411 6
7412 9
7413 1
7414 3
7415 1
7416 6
7417 5
7418 4
7419 1
7420 1
7421 6
7422 7
7423 4
7424 2
7425 2
7426 4
7427 5
7428 1
7429 17
7430 17
7431 1
7432 3
7433 3
7434 9
7435 4
7436 1
7437 1
7438 1
7439 1
7440 6
7441 2
7442 4
7443 1
7444 1
7445 8
7446 31
7447 4
7448 1
7449 1
7450 1
7451 16
7452 149
7453 6
7454 1
7455 3
7456 1
7457 1
7458 1
7459 2
7460 25
7461 3
7462 16
7463 18
7464 3
7465 5
7466 1
7467 2
7468 1
7469 40
7470 52
7471 17
7472 33
7473 2
7474 9
7475 5
7476 4
7477 4
7478 3
7479 5
7480 2
7481 4
7482 2
7483 1
7484 5
7485 1
7486 1
7487 5
7488 1
7489 1
7490 1
7491 3
7492 1
7493 1
7494 1
7495 8
7496 1
7497 6
7498 2
7499 2
7500 5
7501 4
7502 5
7503 1
7504 1
7505 1
7506 4
7507 7
7508 5
7509 1
7510 10
7511 3
7512 1
7513 3
7514 1
7515 4
7516 1
7517 1
7518 2
7519 12
7520 20
7521 10
7522 2
7523 4
7524 2
7525 7
7526 3
7527 7
7528 2
7529 3
7530 1
7531 3
7532 1
7533 3
7534 1
7535 1
7536 2
7537 11
7538 5
7539 1
7540 2
7541 3
7542 1
7543 1
7544 2
7545 1
7546 1
7547 3
7548 1
7549 4
7550 19
7551 4
7552 1
7553 1
7554 2
7555 4
7556 3
7557 4
7558 4
7559 1
7560 6
7561 6
7562 3
7563 3
7564 2
7565 2
7566 1
7567 1
7568 4
7569 8
7570 3
7571 7
7572 1
7573 5
7574 118
7575 3
7576 1
7577 7
7578 3
7579 1
7580 1
7581 3
7582 3
7583 1
7584 2
7585 2
7586 2
7587 4
7588 3
7589 1
7590 6
7591 61
7592 1
7593 3
7594 11
7595 3
7596 4
7597 1
7598 4
7599 101
7600 1
7601 13
7602 4
7603 2
7604 1
7605 1
7606 2
7607 3
7608 1
7609 4
7610 2
7611 9
7612 1
7613 2
7614 1
7615 1
7616 2
7617 39
7618 3
7619 1
7620 2
7621 9
7622 14
7623 5
7624 20
7625 2
7626 2
7627 1
7628 1
7629 4
7630 13
7631 6
7632 6
7633 8
7634 1
7635 1
7636 12
7637 1
7638 5
7639 1
7640 11
7641 1
7642 2
7643 2
7644 1
7645 1
7646 17
7647 4
7648 4
7649 10
7650 10
7651 9
7652 1
7653 4
7654 8
7655 3
7656 1
7657 4
7658 19
7659 10
7660 3
7661 3
7662 3
7663 3
7664 1
7665 5
7666 2
7667 1
7668 1
7669 1
7670 3
7671 1
7672 2
7673 4
7674 3
7675 2
7676 2
7677 1
7678 1
7679 5
7680 10
7681 1
7682 6
7683 8
7684 1
7685 5
7686 3
7687 2
7688 4
7689 5
7690 2
7691 1
7692 5
7693 1
7694 9
7695 3
7696 3
7697 11
7698 2
7699 1
7700 3
7701 1
7702 8
7703 1
7704 1
7705 4
7706 1
7707 1
7708 1
7709 1
7710 3
7711 2
7712 1
7713 1
7714 4
7715 1
7716 1
7717 2
7718 1
7719 2
7720 3
7721 1
7722 13
7723 7
7724 1
7725 15
7726 1
7727 2
7728 2
7729 3
7730 1
7731 1
7732 1
7733 2
7734 1
7735 1
7736 3
7737 1
7738 8
7739 3
7740 2
7741 3
7742 1
7743 1
7744 1
7745 1
7746 1
7747 9
7748 1
7749 2
7750 2
7751 1
7752 1
7753 2
7754 1
7755 1
7756 1
7757 1
7758 1
7759 1
7760 23
7761 1
7762 13
7763 1
7764 11
7765 3
7766 2
7767 3
7768 4
7769 10
7770 6
7771 6
7772 17
7773 13
7774 20
7775 136
7776 1
7777 8
7778 21
7779 3
7780 16
7781 1
7782 11
7783 8
7784 11
7785 2
7786 2
7787 3
7788 2
7789 1
7790 8
7791 78
7792 4
7793 1
7794 3
7795 13
7796 9
7797 9
7798 20
7799 4
7800 70
7801 12
7802 12
7803 126
7804 11
7805 1
7806 22
7807 2
7808 25
7809 1
7810 6
7811 9
7812 7
7813 2
7814 20
7815 93
7816 2
7817 10
7818 3
7819 1
7820 4
7821 12
7822 6
7823 64
7824 14
7825 15
7826 2
7827 8
7828 5
7829 3
7830 6
7831 1
7832 3
7833 5
7834 5
7835 5
7836 21
7837 7
7838 4
7839 3
7840 36
7841 3
7842 18
7843 3
7844 1
7845 4
7846 1
7847 4
7848 1
7849 5
7850 13
7851 1
7852 2
7853 4
7854 1
7855 1
7856 1
7857 1
7858 2
7859 1
7860 26
7861 9
7862 14
7863 2
7864 1
7865 2
7866 2
7867 2
7868 1
7869 2
7870 14
7871 2
7872 13
7873 3
7874 1
7875 8
7876 3
7877 3
7878 2
7879 2
7880 7
7881 1
7882 2
7883 7
7884 8
7885 3
7886 1
7887 2
7888 4
7889 2
7890 3
7891 1
7892 2
7893 6
7894 11
7895 4
7896 1
7897 1
7898 1
7899 3
7900 5
7901 1
7902 15
7903 1
7904 14
7905 2
7906 4
7907 6
7908 5
7909 4
7910 2
7911 5
7912 2
7913 1
7914 7
7915 7
7916 4
7917 1
7918 6
7919 1
7920 4
7921 11
7922 2
7923 2
7924 1
7925 4
7926 2
7927 4
7928 1
7929 1
7930 4
7931 1
7932 3
7933 2
7934 1
7935 2
7936 1
7937 1
7938 8
7939 1
7940 4
7941 2
7942 19
7943 1
7944 2
7945 42
7946 5
7947 2
7948 17
7949 4
7950 1
7951 3
7952 2
7953 5
7954 7
7955 16
7956 2
7957 1
7958 8
7959 1
7960 1
7961 1
7962 1
7963 1
7964 9
7965 4
7966 1
7967 9
7968 2
7969 3
7970 22
7971 6
7972 5
7973 2
7974 2
7975 8
7976 2
7977 1
7978 1
7979 43
7980 3
7981 3
7982 2
7983 1
7984 2
7985 1
7986 1
7987 3
7988 2
7989 1
7990 1
7991 31
7992 12
7993 5
7994 2
7995 11
7996 25
7997 3
7998 1
7999 1
8000 9
8001 1
8002 44
8003 2
8004 21
8005 1
8006 4
8007 3
8008 5
8009 6
8010 1
8011 15
8012 2
8013 15
8014 1
8015 6
8016 1
8017 1
8018 1
8019 1
8020 3
8021 3
8022 1
8023 22
8024 2
8025 10
8026 1
8027 13
8028 3
8029 14
8030 3
8031 2
8032 4
8033 1
8034 4
8035 13
8036 4
8037 9
8038 10
8039 3
8040 9
8041 2
8042 1
8043 3
8044 2
8045 26
8046 5
8047 7
8048 15
8049 12
8050 10
8051 10
8052 6
8053 4
8054 1
8055 2
8056 1
8057 5
8058 4
8059 1
8060 3
8061 5
8062 8
8063 1
8064 13
8065 3
8066 8
8067 1
8068 1
8069 1
8070 1
8071 1
8072 1
8073 1
8074 8
8075 1
8076 9
8077 10
8078 1
8079 2
8080 1
8081 1
8082 1
8083 8
8084 1
8085 2
8086 5
8087 19
8088 5
8089 3
8090 2
8091 23
8092 4
8093 2
8094 1
8095 1
8096 3
8097 6
8098 2
8099 1
8100 1
8101 1
8102 1
8103 3
8104 8
8105 3
8106 1
8107 1
8108 6
8109 3
8110 2
8111 1
8112 8
8113 4
8114 1
8115 3
8116 1
8117 3
8118 1
8119 3
8120 2
8121 1
8122 1
8123 1
8124 1
8125 2
8126 1
8127 3
8128 2
8129 1
8130 6
8131 1
8132 2
8133 7
8134 6
8135 4
8136 3
8137 3
8138 1
8139 1
8140 4
8141 6
8142 1
8143 5
8144 1
8145 9
8146 2
8147 1
8148 1
8149 1
8150 1
8151 6
8152 1
8153 1
8154 1
8155 19
8156 1
8157 2
8158 1
8159 1
8160 9
8161 1
8162 5
8163 1
8164 3
8165 1
8166 4
8167 1
8168 5
8169 19
8170 8
8171 4
8172 1
8173 3
8174 5
8175 6
8176 17
8177 5
8178 1
8179 6
8180 20
8181 3
8182 1
8183 7
8184 1
8185 1
8186 2
8187 8
8188 4
8189 1
8190 2
8191 1
8192 4
8193 1
8194 3
8195 5
8196 7
8197 8
8198 8
8199 3
8200 1
8201 2
8202 2
8203 4
8204 4
8205 2
8206 4
8207 12
8208 9
8209 1
8210 2
8211 4
8212 1
8213 1
8214 14
8215 2
8216 7
8217 10
8218 1
8219 2
8220 9
8221 1
8222 1
8223 1
8224 2
8225 8
8226 13
8227 9
8228 9
8229 4
8230 6
8231 5
8232 2
8233 1
8234 1
8235 3
8236 5
8237 1
8238 2
8239 4
8240 1
8241 11
8242 7
8243 1
8244 2
8245 1
8246 1
8247 1
8248 9
8249 1
8250 1
8251 6
8252 2
8253 6
8254 1
8255 7
8256 1
8257 3
8258 1
8259 1
8260 4
8261 7
8262 1
8263 2
8264 1
8265 2
8266 2
8267 6
8268 1
8269 1
8270 3
8271 1
8272 3
8273 1
8274 1
8275 2
8276 2
8277 1
8278 8
8279 1
8280 6
8281 5
8282 5
8283 5
8284 7
8285 4
8286 3
8287 157
8288 19
8289 8
8290 4
8291 3
8292 19
8293 9
8294 1
8295 305
8296 21
8297 3
8298 12
8299 3
8300 1
8301 16
8302 21
8303 6
8304 2
8305 8
8306 40
8307 4
8308 11
8309 1
8310 1
8311 3
8312 3
8313 1
8314 10
8315 4
8316 11
8317 1
8318 1
8319 8
8320 6
8321 2
8322 2
8323 4
8324 15
8325 65
8326 2
8327 25
8328 4
8329 1
8330 8
8331 6
8332 2
8333 7
8334 19
8335 5
8336 3
8337 6
8338 26
8339 2
8340 21
8341 14
8342 5
8343 16
8344 2
8345 2
8346 3
8347 5
8348 9
8349 3
8350 3
8351 4
8352 1
8353 10
8354 14
8355 2
8356 2
8357 1
8358 16
8359 6
8360 1
8361 1
8362 3
8363 1
8364 8
8365 5
8366 3
8367 4
8368 1
8369 3
8370 2
8371 4
8372 1
8373 1
8374 1
8375 1
8376 1
8377 10
8378 4
8379 5
8380 4
8381 3
8382 4
8383 9
8384 1
8385 2
8386 3
8387 2
8388 4
8389 1
8390 3
8391 2
8392 1
8393 6
8394 1
8395 5
8396 5
8397 3
8398 5
8399 4
8400 4
8401 4
8402 3
8403 1
8404 1
8405 2
8406 1
8407 1
8408 5
8409 2
8410 4
8411 2
8412 3
8413 3
8414 8
8415 1
8416 3
8417 2
8418 2
8419 2
8420 1
8421 2
8422 5
8423 2
8424 1
8425 4
8426 6
8427 1
8428 4
8429 11
8430 3
8431 1
8432 4
8433 14
8434 1
8435 1
8436 3
8437 2
8438 3
8439 8
8440 10
8441 2
8442 5
8443 2
8444 3
8445 1
8446 3
8447 5
8448 6
8449 3
8450 1
8451 9
8452 6
8453 1
8454 7
8455 4
8456 7
8457 5
8458 4
8459 21
8460 4
8461 4
8462 2
8463 1
8464 2
8465 1
8466 1
8467 2
8468 10
8469 3
8470 29
8471 11
8472 4
8473 2
8474 3
8475 3
8476 1
8477 17
8478 6
8479 1
8480 4
8481 3
8482 1
8483 4
8484 2
8485 8
8486 1
8487 2
8488 2
8489 2
8490 2
8491 4
8492 2
8493 2
8494 5
8495 1
8496 2
8497 3
8498 1
8499 4
8500 7
8501 6
8502 12
8503 1
8504 1
8505 3
8506 9
8507 1
8508 4
8509 1
8510 2
8511 2
8512 1
8513 2
8514 3
8515 1
8516 1
8517 1
8518 4
8519 2
8520 3
8521 4
8522 3
8523 3
8524 1
8525 2
8526 6
8527 9
8528 1
8529 2
8530 1
8531 4
8532 17
8533 6
8534 3
8535 4
8536 1
8537 1
8538 8
8539 3
8540 1
8541 3
8542 3
8543 4
8544 1
8545 2
8546 1
8547 1
8548 3
8549 3
8550 13
8551 2
8552 4
8553 2
8554 6
8555 1
8556 2
8557 16
8558 1
8559 3
8560 7
8561 1
8562 2
8563 1
8564 2
8565 1
8566 4
8567 2
8568 4
8569 2
8570 44
8571 1
8572 1
8573 1
8574 1
8575 1
8576 2
8577 10
8578 1
8579 14
8580 9
8581 1
8582 1
8583 1
8584 1
8585 1
8586 1
8587 12
8588 2
8589 1
8590 4
8591 5
8592 3
8593 1
8594 1
8595 1
8596 2
8597 8
8598 1
8599 1
8600 1
8601 1
8602 7
8603 2
8604 1
8605 3
8606 6
8607 2
8608 2
8609 2
8610 3
8611 1
8612 2
8613 3
8614 3
8615 3
8616 9
8617 4
8618 5
8619 3
8620 2
8621 1
8622 1
8623 2
8624 4
8625 14
8626 4
8627 4
8628 2
8629 1
8630 2
8631 1
8632 2
8633 1
8634 3
8635 1
8636 6
8637 12
8638 6
8639 2
8640 3
8641 5
8642 59
8643 3
8644 4
8645 18
8646 5
8647 2
8648 3
8649 4
8650 6
8651 4
8652 4
8653 14
8654 5
8655 4
8656 14
8657 2
8658 21
8659 9
8660 1
8661 1
8662 1
8663 3
8664 1
8665 1
8666 3
8667 1
8668 2
8669 1
8670 1
8671 2
8672 10
8673 4
8674 4
8675 12
8676 1
8677 2
8678 3
8679 3
8680 2
8681 8
8682 1
8683 1
8684 19
8685 2
8686 4
8687 19
8688 6
8689 3
8690 1
8691 1
8692 1
8693 1
8694 1
8695 3
8696 2
8697 9
8698 2
8699 1
8700 5
8701 1
8702 1
8703 1
8704 2
8705 1
8706 1
8707 3
8708 1
8709 1
8710 1
8711 9
8712 1
8713 1
8714 5
8715 2
8716 5
8717 1
8718 2
8719 12
8720 7
8721 1
8722 4
8723 4
8724 4
8725 3
8726 1
8727 4
8728 5
8729 3
8730 1
8731 2
8732 4
8733 1
8734 10
8735 5
8736 1
8737 2
8738 2
8739 5
8740 2
8741 2
8742 1
8743 1
8744 2
8745 8
8746 4
8747 3
8748 2
8749 1
8750 3
8751 1
8752 2
8753 5
8754 7
8755 4
8756 1
8757 1
8758 2
8759 2
8760 5
8761 10
8762 5
8763 6
8764 10
8765 5
8766 2
8767 2
8768 5
8769 5
8770 7
8771 1
8772 9
8773 11
8774 1
8775 2
8776 2
8777 7
8778 14
8779 1
8780 4
8781 1
8782 1
8783 2
8784 1
8785 6
8786 1
8787 1
8788 10
8789 4
8790 1
8791 4
8792 2
8793 2
8794 13
8795 1
8796 1
8797 1
8798 3
8799 1
8800 6
8801 4
8802 4
8803 2
8804 2
8805 3
8806 4
8807 6
8808 1
8809 7
8810 2
8811 1
8812 3
8813 3
8814 3
8815 4
8816 2
8817 1
8818 1
8819 1
8820 6
8821 2
8822 3
8823 14
8824 1
8825 1
8826 1
8827 5
8828 2
8829 3
8830 6
8831 1
8832 2
8833 3
8834 2
8835 3
8836 12
8837 1
8838 2
8839 1
8840 3
8841 3
8842 1
8843 1
8844 5
8845 3
8846 1
8847 2
8848 1
8849 1
8850 6
8851 2
8852 2
8853 5
8854 4
8855 3
8856 3
8857 4
8858 5
8859 3
8860 5
8861 3
8862 3
8863 5
8864 5
8865 5
8866 3
8867 1
8868 4
8869 19
8870 4
8871 2
8872 6
8873 3
8874 1
8875 2
8876 2
8877 14
8878 2
8879 1
8880 3
8881 2
8882 1
8883 1
8884 2
8885 1
8886 1
8887 1
8888 1
8889 1
8890 5
8891 1
8892 6
8893 6
8894 1
8895 1
8896 1
8897 1
8898 6
8899 11
8900 8
8901 30
8902 1
8903 1
8904 1
8905 12
8906 1
8907 7
8908 6
8909 4
8910 3
8911 1
8912 6
8913 16
8914 4
8915 2
8916 1
8917 1
8918 4
8919 8
8920 31
8921 4
8922 23
8923 8
8924 1
8925 44
8926 1
8927 8
8928 1
8929 2
8930 1
8931 1
8932 2
8933 6
8934 2
8935 3
8936 7
8937 1
8938 2
8939 1
8940 1
8941 2
8942 7
8943 6
8944 4
8945 3
8946 1
8947 1
8948 1
8949 1
8950 2
8951 1
8952 1
8953 5
8954 1
8955 1
8956 1
8957 3
8958 1
8959 1
8960 1
8961 3
8962 4
8963 1
8964 2
8965 5
8966 1
8967 1
8968 1
8969 1
8970 1
8971 1
8972 1
8973 1
8974 2
8975 1
8976 1
8977 1
8978 2
8979 1
8980 2
8981 1
8982 1
8983 1
8984 3
8985 1
8986 4
8987 1
8988 2
8989 5
8990 5
8991 10
8992 2
8993 1
8994 3
8995 1
8996 1
8997 2
8998 3
8999 1
9000 1
9001 4
9002 1
9003 1
9004 1
9005 1
9006 6
9007 1
9008 2
9009 1
9010 1
9011 1
9012 1
9013 2
9014 2
9015 4
9016 3
9017 1
9018 1
9019 2
9020 11
9021 1
9022 1
9023 2
9024 4
9025 1
9026 1
9027 1
9028 4
9029 1
9030 3
9031 1
9032 2
9033 2
9034 1
9035 1
9036 1
9037 3
9038 1
9039 10
9040 1
9041 2
9042 2
9043 2
9044 1
9045 2
9046 1
9047 10
9048 3
9049 3
9050 1
9051 2
9052 20
9053 3
9054 8
9055 5
9056 3
9057 1
9058 1
9059 2
9060 6
9061 1
9062 1
9063 8
9064 5
9065 2
9066 2
9067 4
9068 1
9069 1
9070 5
9071 1
9072 2
9073 3
9074 7
9075 1
9076 1
9077 2
9078 1
9079 3
9080 2
9081 3
9082 4
9083 1
9084 2
9085 3
9086 5
9087 3
9088 1
9089 3
9090 1
9091 5
9092 5
9093 1
9094 1
9095 1
9096 2
9097 1
9098 1
9099 3
9100 5
9101 2
9102 2
9103 2
9104 3
9105 3
9106 5
9107 5
9108 2
9109 1
9110 2
9111 1
9112 1
9113 3
9114 1
9115 3
9116 8
9117 4
9118 2
9119 1
9120 1
9121 4
9122 1
9123 3
9124 1
9125 1
9126 1
9127 6
9128 2
9129 2
9130 1
9131 3
9132 1
9133 1
9134 1
9135 1
9136 1
9137 3
9138 1
9139 1
9140 1
9141 1
9142 1
9143 1
9144 2
9145 1
9146 1
9147 1
9148 2
9149 2
9150 2
9151 2
9152 1
9153 6
9154 2
9155 1
9156 3
9157 10
9158 3
9159 1
9160 5
9161 8
9162 1
9163 3
9164 8
9165 4
9166 17
9167 1
9168 2
9169 3
9170 2
9171 1
9172 2
9173 1
9174 6
9175 3
9176 4
9177 2
9178 6
9179 5
9180 1
9181 1
9182 1
9183 8
9184 3
9185 4
9186 5
9187 1
9188 6
9189 5
9190 14
9191 17
9192 3
9193 2
9194 6
9195 2
9196 3
9197 1
9198 1
9199 1
9200 2
9201 4
9202 3
9203 1
9204 11
9205 5
9206 1
9207 5
9208 2
9209 1
9210 1
9211 3
9212 12
9213 3
9214 4
9215 1
9216 2
9217 5
9218 2
9219 1
9220 1
9221 1
9222 1
9223 5
9224 1
9225 3
9226 1
9227 1
9228 2
9229 17
9230 2
9231 2
9232 1
9233 2
9234 6
9235 1
9236 8
9237 2
9238 22
9239 1
9240 2
9241 1
9242 1
9243 3
9244 1
9245 10
9246 1
9247 2
9248 2
9249 3
9250 8
9251 3
9252 3
9253 18
9254 1
9255 4
9256 43
9257 3
9258 3
9259 1
9260 1
9261 5
9262 5
9263 5
9264 4
9265 1
9266 1
9267 1
9268 10
9269 2
9270 28
9271 1
9272 2
9273 12
9274 2
9275 2
9276 9
9277 3
9278 22
9279 8
9280 3
9281 1
9282 2
9283 1
9284 1
9285 4
9286 1
9287 1
9288 1
9289 2
9290 1
9291 3
9292 1
9293 1
9294 2
9295 1
9296 4
9297 3
9298 3
9299 1
9300 1
9301 1
9302 1
9303 1
9304 1
9305 4
9306 8
9307 1
9308 2
9309 2
9310 3
9311 9
9312 1
9313 1
9314 33
9315 1
9316 4
9317 1
9318 1
9319 2
9320 2
9321 1
9322 1
9323 1
9324 23
9325 1
9326 5
9327 1
9328 1
9329 2
9330 6
9331 3
9332 8
9333 1
9334 3
9335 9
9336 1
9337 1
9338 1
9339 1
9340 3
9341 1
9342 3
9343 1
9344 7
9345 1
9346 3
9347 2
9348 9
9349 6
9350 7
9351 4
9352 1
9353 4
9354 1
9355 1
9356 3
9357 10
9358 3
9359 2
9360 6
9361 2
9362 1
9363 2
9364 1
9365 1
9366 5
9367 1
9368 2
9369 3
9370 1
9371 3
9372 5
9373 2
9374 4
9375 1
9376 1
9377 1
9378 1
9379 1
9380 1
9381 5
9382 1
9383 1
9384 1
9385 1
9386 5
9387 4
9388 9
9389 1
9390 4
9391 1
9392 1
9393 2
9394 1
9395 2
9396 5
9397 1
9398 1
9399 7
9400 1
9401 2
9402 1
9403 2
9404 2
9405 1
9406 1
9407 1
9408 1
9409 1
9410 4
9411 1
9412 2
9413 2
9414 1
9415 4
9416 4
9417 1
9418 6
9419 4
9420 4
9421 3
9422 3
9423 1
9424 1
9425 1
9426 1
9427 1
9428 1
9429 1
9430 8
9431 1
9432 2
9433 1
9434 1
9435 4
9436 1
9437 2
9438 4
9439 4
9440 2
9441 3
9442 2
9443 2
9444 1
9445 11
9446 9
9447 2
9448 2
9449 5
9450 1
9451 1
9452 1
9453 3
9454 14
9455 1
9456 2
9457 1
9458 1
9459 1
9460 1
9461 2
9462 6
9463 1
9464 16
9465 1
9466 3
9467 6
9468 1
9469 2
9470 2
9471 1
9472 24
9473 3
9474 1
9475 2
9476 1
9477 1
9478 2
9479 1
9480 4
9481 2
9482 3
9483 9
9484 13
9485 11
9486 3
9487 1
9488 1
9489 2
9490 3
9491 2
9492 3
9493 10
9494 1
9495 3
9496 5
9497 10
9498 13
9499 4
9500 4
9501 4
9502 3
9503 3
9504 3
9505 2
9506 6
9507 2
9508 1
9509 1
9510 2
9511 1
9512 1
9513 6
9514 1
9515 1
9516 3
9517 2
9518 4
9519 5
9520 3
9521 1
9522 6
9523 70
9524 2
9525 1
9526 1
9527 1
9528 2
9529 12
9530 10
9531 7
9532 17
9533 1
9534 8
9535 15
9536 10
9537 1
9538 1
9539 1
9540 1
9541 6
9542 1
9543 4
9544 5
9545 1
9546 4
9547 1
9548 2
9549 2
9550 3
9551 1
9552 1
9553 1
9554 1
9555 5
9556 1
9557 2
9558 1
9559 1
9560 2
9561 1
9562 1
9563 3
9564 2
9565 2
9566 2
9567 1
9568 4
9569 6
9570 3
9571 4
9572 13
9573 1
9574 3
9575 4
9576 1
9577 4
9578 1
9579 1
9580 4
9581 1
9582 2
9583 2
9584 10
9585 18
9586 1
9587 2
9588 2
9589 26
9590 2
9591 1
9592 9
9593 2
9594 1
9595 6
9596 3
9597 1
9598 1
9599 1
9600 1
9601 1
9602 1
9603 1
9604 1
9605 2
9606 4
9607 1
9608 1
9609 5
9610 8
9611 2
9612 9
9613 2
9614 1
9615 3
9616 1
9617 4
9618 2
9619 1
9620 6
9621 1
9622 1
9623 1
9624 1
9625 1
9626 1
9627 1
9628 23
9629 1
9630 1
9631 1
9632 2
9633 11
9634 1
9635 1
9636 5
9637 1
9638 1
9639 2
9640 2
9641 2
9642 1
9643 1
9644 4
9645 6
9646 2
9647 1
9648 2
9649 2
9650 1
9651 2
9652 1
9653 9
9654 2
9655 1
9656 9
9657 6
9658 3
9659 3
9660 1
9661 1
9662 5
9663 3
9664 3
9665 2
9666 4
9667 2
9668 3
9669 1
9670 1
9671 1
9672 6
9673 1
9674 1
9675 1
9676 3
9677 1
9678 2
9679 2
9680 1
9681 1
9682 1
9683 2
9684 3
9685 4
9686 1
9687 1
9688 4
9689 3
9690 4
9691 2
9692 2
9693 1
9694 2
9695 2
9696 5
9697 3
9698 2
9699 5
9700 1
9701 1
9702 1
9703 3
9704 2
9705 6
9706 1
9707 1
9708 1
9709 1
9710 1
9711 5
9712 2
9713 1
9714 7
9715 1
9716 1
9717 2
9718 1
9719 1
9720 1
9721 4
9722 2
9723 1
9724 5
9725 1
9726 10
9727 2
9728 3
9729 1
9730 1
9731 1
9732 1
9733 1
9734 1
9735 9
9736 1
9737 1
9738 3
9739 2
9740 1
9741 4
9742 1
9743 1
9744 1
9745 7
9746 1
9747 3
9748 1
9749 2
9750 5
9751 1
9752 24
9753 2
9754 1
9755 1
9756 2
9757 1
9758 27
9759 9
9760 8
9761 2
9762 1
9763 2
9764 14
9765 1
9766 2
9767 3
9768 6
9769 1
9770 3
9771 3
9772 26
9773 1
9774 1
9775 4
9776 3
9777 2
9778 4
9779 3
9780 1
9781 2
9782 1
9783 6
9784 12
9785 1
9786 1
9787 1
9788 4
9789 2
9790 1
9791 4
9792 1
9793 1
9794 1
9795 2
9796 2
9797 8
9798 6
9799 1
9800 1
9801 1
9802 1
9803 1
9804 1
9805 3
9806 1
9807 4
9808 1
9809 1
9810 2
9811 1
9812 2
9813 1
9814 1
9815 2
9816 1
9817 9
9818 2
9819 1
9820 1
9821 2
9822 3
9823 4
9824 1
9825 1
9826 6
9827 2
9828 2
9829 1
9830 4
9831 7
9832 1
9833 2
9834 3
9835 1
9836 1
9837 1
9838 1
9839 1
9840 1
9841 1
9842 3
9843 10
9844 29
9845 1
9846 4
9847 6
9848 1
9849 3
9850 1
9851 1
9852 7
9853 1
9854 1
9855 7
9856 11
9857 4
9858 1
9859 4
9860 1
9861 2
9862 6
9863 3
9864 1
9865 2
9866 7
9867 1
9868 1
9869 3
9870 4
9871 1
9872 1
9873 1
9874 1
9875 5
9876 1
9877 28
9878 1
9879 1
9880 5
9881 10
9882 1
9883 5
9884 124
9885 2
9886 1
9887 2
9888 9
9889 2
9890 14
9891 2
9892 2
9893 2
9894 25
9895 4
9896 6
9897 2
9898 55
9899 3
9900 2
9901 1
9902 1
9903 2
9904 9
9905 11
9906 1
9907 4
9908 2
9909 2
9910 1
9911 3
9912 1
9913 6
9914 3
9915 1
9916 1
9917 1
9918 3
9919 2
9920 1
9921 1
9922 5
9923 1
9924 4
9925 9
9926 2
9927 1
9928 3
9929 3
9930 2
9931 1
9932 11
9933 6
9934 4
9935 6
9936 6
9937 3
9938 3
9939 1
9940 1
9941 4
9942 3
9943 2
9944 1
9945 3
9946 2
9947 2
9948 1
9949 1
9950 1
9951 3
9952 6
9953 4
9954 1
9955 1
9956 1
9957 6
9958 13
9959 4
9960 2
9961 1
9962 2
9963 2
9964 2
9965 2
9966 2
9967 7
9968 2
9969 10
9970 3
9971 6
9972 4
9973 6
9974 2
9975 9
9976 1
9977 1
9978 1
9979 1
9980 6
9981 1
9982 1
9983 2
9984 1
9985 1
9986 3
9987 6
9988 2
9989 1
9990 1
9991 1
9992 1
9993 1
9994 1
9995 9
9996 2
9997 2
9998 1
9999 1
10000 1
10001 21
10002 2
10003 5
10004 19
10005 1
10006 1
10007 7
10008 5
10009 11
10010 4
10011 1
10012 3
10013 1
10014 3
10015 2
10016 2
10017 3
10018 2
10019 4
10020 8
10021 10
10022 1
10023 1
10024 1
10025 5
10026 1
10027 1
10028 1
10029 1
10030 2
10031 5
10032 1
10033 3
10034 1
10035 1
10036 3
10037 1
10038 10
10039 2
10040 1
10041 1
10042 1
10043 1
10044 2
10045 2
10046 1
10047 3
10048 5
10049 2
10050 23
10051 4
10052 3
10053 4
10054 3
10055 6
10056 4
10057 2
10058 4
10059 10
10060 23
10061 2
10062 6
10063 4
10064 3
10065 2
10066 8
10067 4
10068 2
10069 4
10070 1
10071 1
10072 1
10073 2
10074 2
10075 12
10076 1
10077 1
10078 2
10079 2
10080 4
10081 6
10082 1
10083 4
10084 3
10085 1
10086 7
10087 5
10088 1
10089 15
10090 1
10091 2
10092 2
10093 1
10094 1
10095 1
10096 4
10097 2
10098 3
10099 3
10100 1
10101 1
10102 1
10103 2
10104 8
10105 1
10106 1
10107 1
10108 1
10109 2
10110 3
10111 1
10112 2
10113 1
10114 1
10115 1
10116 2
10117 2
10118 5
10119 1
10120 4
10121 1
10122 5
10123 7
10124 1
10125 1
10126 1
10127 1
10128 2
10129 1
10130 1
10131 1
10132 1
10133 1
10134 1
10135 3
10136 2
10137 2
10138 1
10139 1
10140 1
10141 1
10142 3
10143 1
10144 3
10145 3
10146 1
10147 1
10148 1
10149 4
10150 1
10151 3
10152 2
10153 12
10154 3
10155 1
10156 4
10157 1
10158 9
10159 5
10160 5
10161 1
10162 2
10163 3
10164 3
10165 1
10166 11
10167 5
10168 1
10169 2
10170 2
10171 1
10172 3
10173 1
10174 3
10175 2
10176 1
10177 3
10178 3
10179 1
10180 1
10181 1
10182 6
10183 1
10184 18
10185 3
10186 1
10187 4
10188 4
10189 23
10190 2
10191 3
10192 3
10193 1
10194 5
10195 2
10196 4
10197 1
10198 1
10199 4
10200 12
10201 1
10202 2
10203 1
10204 2
10205 2
10206 1
10207 1
10208 1
10209 1
10210 1
10211 4
10212 1
10213 1
10214 5
10215 10
10216 4
10217 1
10218 6
10219 4
10220 1
10221 7
10222 80
10223 1
10224 1
10225 3
10226 2
10227 1
10228 3
10229 1
10230 1
10231 9
10232 1
10233 6
10234 7
10235 1
10236 3
10237 1
10238 5
10239 8
10240 1
10241 3
10242 2
10243 4
10244 2
10245 1
10246 1
10247 1
10248 4
10249 1
10250 1
10251 3
10252 1
10253 1
10254 12
10255 15
10256 3
10257 2
10258 1
10259 1
10260 2
10261 2
10262 2
10263 1
10264 2
10265 1
10266 1
10267 1
10268 4
10269 3
10270 1
10271 1
10272 1
10273 2
10274 8
10275 1
10276 4
10277 3
10278 1
10279 1
10280 1
10281 1
10282 2
10283 1
10284 1
10285 1
10286 3
10287 1
10288 3
10289 1
10290 1
10291 2
10292 1
10293 1
10294 4
10295 3
10296 1
10297 5
10298 1
10299 3
10300 1
10301 1
10302 1
10303 1
10304 2
10305 10
10306 1
10307 2
10308 2
10309 1
10310 3
10311 1
10312 2
10313 2
10314 7
10315 1
10316 4
10317 1
10318 1
10319 1
10320 2
10321 3
10322 6
10323 8
10324 1
10325 4
10326 1
10327 1
10328 1
10329 3
10330 9
10331 1
10332 1
10333 1
10334 3
10335 6
10336 1
10337 6
10338 1
10339 1
10340 1
10341 5
10342 1
10343 7
10344 12
10345 1
10346 5
10347 6
10348 1
10349 1
10350 1
10351 1
10352 5
10353 4
10354 3
10355 5
10356 1
10357 1
10358 1
10359 1
10360 2
10361 2
10362 1
10363 2
10364 2
10365 1
10366 2
10367 2
10368 1
10369 2
10370 1
10371 1
10372 11
10373 3
10374 1
10375 4
10376 24
10377 1
10378 1
10379 1
10380 2
10381 2
10382 1
10383 1
10384 1
10385 1
10386 4
10387 1
10388 1
10389 2
10390 1
10391 1
10392 1
10393 2
10394 1
10395 1
10396 1
10397 1
10398 2
10399 3
10400 1
10401 9
10402 36
10403 1
10404 1
10405 2
10406 4
10407 1
10408 2
10409 1
10410 1
10411 2
10412 1
10413 1
10414 15
10415 1
10416 4
10417 2
10418 2
10419 10
10420 2
10421 4
10422 1
10423 1
10424 1
10425 6
10426 1
10427 2
10428 1
10429 1
10430 2
10431 1
10432 3
10433 14
10434 6
10435 5
10436 1
10437 1
10438 3
10439 25
10440 5
10441 1
10442 7
10443 1
10444 3
10445 1
10446 1
10447 1
10448 1
10449 1
10450 1
10451 1
10452 3
10453 1
10454 5
10455 1
10456 5
10457 2
10458 1
10459 1
10460 1
10461 1
10462 3
10463 1
10464 1
10465 1
10466 1
10467 4
10468 1
10469 1
10470 1
10471 4
10472 1
10473 1
10474 1
10475 1
10476 8
10477 1
10478 2
10479 1
10480 1
10481 1
10482 5
10483 2
10484 2
10485 2
10486 2
10487 1
10488 5
10489 2
10490 1
10491 2
10492 1
10493 3
10494 2
10495 1
10496 1
10497 2
10498 3
10499 1
10500 1
10501 4
10502 1
10503 1
10504 1
10505 1
10506 3
10507 1
10508 1
10509 3
10510 1
10511 2
10512 4
10513 8
10514 6
10515 1
10516 4
10517 1
10518 3
10519 1
10520 1
10521 2
10522 3
10523 3
10524 1
10525 1
10526 2
10527 1
10528 1
10529 1
10530 1
10531 1
10532 1
10533 3
10534 1
10535 2
10536 1
10537 5
10538 1
10539 1
10540 1
10541 1
10542 2
10543 1
10544 1
10545 2
10546 1
10547 1
10548 1
10549 1
10550 1
10551 3
10552 5
10553 1
10554 1
10555 1
10556 1
10557 2
10558 2
10559 7
10560 1
10561 12
10562 3
10563 3
10564 1
10565 1
10566 1
10567 1
10568 1
10569 2
10570 1
10571 1
10572 2
10573 1
10574 3
10575 1
10576 2
10577 1
10578 2
10579 7
10580 2
10581 1
10582 5
10583 12
10584 1
10585 1
10586 1
10587 2
10588 1
10589 3
10590 2
10591 1
10592 2
10593 1
10594 3
10595 1
10596 7
10597 21
10598 2
10599 5
10600 1
10601 4
10602 1
10603 2
10604 3
10605 2
10606 1
10607 1
10608 5
10609 1
10610 4
10611 5
10612 5
10613 7
10614 6
10615 1
10616 8
10617 2
10618 7
10619 4
10620 1
10621 1
10622 1
10623 4
10624 9
10625 1
10626 1
10627 1
10628 1
10629 1
10630 1
10631 2
10632 1
10633 2
10634 1
10635 2
10636 2
10637 4
10638 2
10639 1
10640 12
10641 2
10642 2
10643 1
10644 1
10645 1
10646 1
10647 1
10648 1
10649 2
10650 1
10651 11
10652 1
10653 1
10654 5
10655 1
10656 3
10657 1
10658 1
10659 1
10660 1
10661 1
10662 1
10663 1
10664 1
10665 4
10666 1
10667 1
10668 1
10669 5
10670 12
10671 1
10672 2
10673 1
10674 1
10675 33
10676 1
10677 5
10678 1
10679 4
10680 3
10681 1
10682 1
10683 1
10684 1
10685 1
10686 1
10687 2
10688 1
10689 1
10690 2
10691 2
10692 1
10693 1
10694 1
10695 1
10696 1
10697 2
10698 3
10699 2
10700 1
10701 2
10702 2
10703 2
10704 2
10705 1
10706 3
10707 1
10708 1
10709 4
10710 1
10711 2
10712 2
10713 1
10714 1
10715 1
10716 1
10717 1
10718 1
10719 1
10720 2
10721 3
10722 5
10723 1
10724 1
10725 1
10726 1
10727 2
10728 8
10729 1
10730 3
10731 1
10732 1
10733 1
10734 1
10735 3
10736 1
10737 1
10738 1
10739 17
10740 2
10741 11
10742 1
10743 2
10744 3
10745 1
10746 1
10747 1
10748 1
10749 1
10750 1
10751 2
10752 1
10753 1
10754 1
10755 3
10756 1
10757 5
10758 1
10759 1
10760 1
10761 9
10762 1
10763 1
10764 2
10765 1
10766 2
10767 1
10768 1
10769 1
10770 1
10771 3
10772 3
10773 1
10774 1
10775 3
10776 1
10777 7
10778 1
10779 1
10780 1
10781 1
10782 1
10783 1
10784 6
10785 2
10786 1
10787 3
10788 1
10789 1
10790 3
10791 1
10792 1
10793 1
10794 1
10795 1
10796 1
10797 5
10798 1
10799 1
10800 1
10801 2
10802 1
10803 2
10804 4
10805 1
10806 7
10807 3
10808 3
10809 1
10810 1
10811 1
10812 1
10813 1
10814 1
10815 1
10816 1
10817 1
10818 1
10819 2
10820 2
10821 1
10822 5
10823 2
10824 2
10825 1
10826 1
10827 1
10828 1
10829 1
10830 5
10831 1
10832 1
10833 1
10834 1
10835 1
10836 1
10837 3
10838 1
10839 3
10840 4
10841 3
10842 1
10843 1
10844 1
10845 3
10846 4
10847 1
10848 1
10849 1
10850 1
10851 2
10852 2
10853 6
10854 2
10855 1
10856 3
10857 1
10858 1
10859 1
10860 1
10861 1
10862 1
10863 1
10864 3
10865 1
10866 2
10867 1
10868 1
10869 1
10870 2
10871 3
10872 2
10873 1
10874 1
10875 1
10876 1
10877 2
10878 2
10879 7
10880 2
10881 1
10882 1
10883 5
10884 1
10885 1
10886 2
10887 1
10888 1
10889 1
10890 2
10891 1
10892 2
10893 1
10894 1
10895 1
10896 1
10897 5
10898 1
10899 1
10900 2
10901 2
10902 1
10903 1
10904 1
10905 1
10906 4
10907 6
10908 2
10909 2
10910 1
10911 1
10912 3
10913 1
10914 1
10915 1
10916 1
10917 1
10918 3
10919 3
10920 1
10921 1
10922 1
10923 2
10924 1
10925 2
10926 1
10927 1
10928 2
10929 1
10930 3
10931 1
10932 1
10933 2
10934 1
10935 2
10936 4
10937 1
10938 2
10939 2
10940 2
10941 1
10942 1
10943 1
10944 1
10945 2
10946 1
10947 1
10948 2
10949 1
10950 1
10951 1
10952 2
10953 2
10954 1
10955 1
10956 3
10957 15
10958 2
10959 1
10960 1
10961 1
10962 9
10963 2
10964 1
10965 1
10966 7
10967 1
10968 2
10969 1
10970 1
10971 1
10972 2
10973 2
10974 1
10975 2
10976 2
10977 1
10978 1
10979 2
10980 1
10981 1
10982 3
10983 1
10984 2
10985 1
10986 2
10987 1
10988 2
10989 1
10990 12
10991 1
10992 2
10993 1
10994 2
10995 1
10996 1
10997 3
10998 2
10999 2
11000 1
11001 1
11002 2
11003 1
11004 1
11005 1
11006 1
11007 1
11008 1
11009 1
11010 1
11011 1
11012 16
11013 1
11014 1
11015 1
11016 1
11017 1
11018 1
11019 4
11020 1
11021 2
11022 1
11023 1
11024 4
11025 6
11026 1
11027 1
11028 1
11029 1
11030 1
11031 1
11032 5
11033 1
11034 18
11035 1
11036 1
11037 1
11038 1
11039 1
11040 1
11041 4
11042 1
11043 1
11044 1
11045 2
11046 3
11047 1
11048 1
11049 1
11050 1
11051 1
11052 4
11053 1
11054 3
11055 5
11056 1
11057 2
11058 2
11059 1
11060 3
11061 1
11062 4
11063 1
11064 1
11065 1
11066 1
11067 3
11068 1
11069 1
11070 2
11071 2
11072 19
11073 3
11074 1
11075 12
11076 4
11077 1
11078 1
11079 1
11080 2
11081 2
11082 4
11083 4
11084 3
11085 7
11086 4
11087 1
11088 6
11089 1
11090 3
11091 1
11092 3
11093 2
11094 1
11095 2
11096 5
11097 1
11098 1
11099 3
11100 1
11101 4
11102 3
11103 2
11104 3
11105 1
11106 1
11107 1
11108 2
11109 6
11110 1
11111 1
11112 1
11113 2
11114 4
11115 5
11116 3
11117 1
11118 9
11119 1
11120 13
11121 1
11122 1
11123 3
11124 8
11125 1
11126 5
11127 4
11128 2
11129 3
11130 1
11131 1
11132 1
11133 2
11134 3
11135 5
11136 1
11137 1
11138 1
11139 1
11140 3
11141 1
11142 1
11143 1
11144 1
11145 2
11146 1
11147 1
11148 1
11149 4
11150 14
11151 2
11152 1
11153 5
11154 1
11155 1
11156 7
11157 1
11158 4
11159 1
11160 1
11161 1
11162 1
11163 22
11164 1
11165 1
11166 1
11167 1
11168 1
11169 1
11170 1
11171 1
11172 1
11173 1
11174 1
11175 1
11176 4
11177 2
11178 2
11179 1
11180 3
11181 5
11182 1
11183 7
11184 1
11185 12
11186 2
11187 1
11188 3
11189 13
11190 1
11191 1
11192 1
11193 2
11194 9
11195 1
11196 3
11197 4
11198 1
11199 1
11200 1
11201 1
11202 2
11203 2
11204 1
11205 1
11206 1
11207 2
11208 1
11209 1
11210 2
11211 1
11212 1
11213 1
11214 1
11215 1
11216 1
11217 1
11218 1
11219 3
11220 2
11221 1
11222 2
11223 1
11224 1
11225 1
11226 1
11227 3
11228 1
11229 1
11230 8
11231 4
11232 1
11233 1
11234 1
11235 2
11236 1
11237 1
11238 1
11239 1
11240 4
11241 2
11242 3
11243 16
11244 1
11245 2
11246 2
11247 17
11248 3
11249 2
11250 4
11251 1
11252 1
11253 1
11254 7
11255 1
11256 1
11257 1
11258 2
11259 1
11260 1
11261 1
11262 3
11263 3
11264 1
11265 1
11266 3
11267 2
11268 1
11269 1
11270 1
11271 1
11272 2
11273 1
11274 1
11275 1
11276 1
11277 1
11278 1
11279 1
11280 1
11281 1
11282 1
11283 2
11284 1
11285 1
11286 1
11287 2
11288 1
11289 1
11290 1
11291 1
11292 1
11293 1
11294 1
11295 1
11296 1
11297 1
11298 1
11299 1
11300 1
11301 3
11302 1
11303 1
11304 1
11305 19
11306 1
11307 1
11308 1
11309 1
11310 1
11311 2
11312 3
11313 2
11314 3
11315 1
11316 1
11317 2
11318 1
11319 3
11320 21
11321 1
11322 2
11323 14
11324 1
11325 3
11326 2
11327 7
11328 1
11329 2
11330 1
11331 1
11332 2
11333 1
11334 1
11335 4
11336 1
11337 2
11338 1
11339 1
11340 1
11341 1
11342 3
11343 3
11344 10
11345 1
11346 1
11347 2
11348 1
11349 1
11350 1
11351 1
11352 1
11353 1
11354 1
11355 2
11356 1
11357 6
11358 4
11359 2
11360 1
11361 1
11362 2
11363 7
11364 2
11365 1
11366 5
11367 3
11368 1
11369 1
11370 2
11371 1
11372 3
11373 1
11374 2
11375 1
11376 1
11377 2
11378 1
11379 1
11380 6
11381 3
11382 1
11383 3
11384 5
11385 1
11386 2
11387 1
11388 1
11389 4
11390 3
11391 1
11392 2
11393 1
11394 2
11395 15
11396 1
11397 1
11398 1
11399 3
11400 1
11401 1
11402 3
11403 3
11404 4
11405 6
11406 6
11407 2
11408 4
11409 3
11410 1
11411 1
11412 1
11413 1
11414 1
11415 1
11416 3
11417 1
11418 1
11419 3
11420 3
11421 1
11422 1
11423 2
11424 1
11425 1
11426 2
11427 3
11428 2
11429 1
11430 1
11431 3
11432 1
11433 2
11434 1
11435 1
11436 1
11437 1
11438 1
11439 1
11440 1
11441 2
11442 1
11443 5
11444 1
11445 1
11446 2
11447 1
11448 1
11449 1
11450 1
11451 1
11452 1
11453 1
11454 1
11455 3
11456 2
11457 4
11458 2
11459 2
11460 2
11461 7
11462 2
11463 1
11464 1
11465 1
11466 1
11467 1
11468 9
11469 1
11470 1
11471 1
11472 2
11473 2
11474 1
11475 1
11476 1
11477 2
11478 1
11479 2
11480 1
11481 1
11482 1
11483 1
11484 1
11485 2
11486 1
11487 1
11488 1
11489 3
11490 1
11491 3
11492 1
11493 1
11494 1
11495 2
11496 2
11497 1
11498 3
11499 1
11500 1
11501 1
11502 4
11503 3
11504 1
11505 1
11506 1
11507 1
11508 2
11509 6
11510 1
11511 1
11512 1
11513 4
11514 1
11515 1
11516 1
11517 2
11518 2
11519 2
11520 1
11521 1
11522 2
11523 3
11524 1
11525 1
11526 1
11527 1
11528 2
11529 1
11530 1
11531 1
11532 1
11533 1
11534 1
11535 5
11536 4
11537 2
11538 1
11539 1
11540 1
11541 2
11542 1
11543 2
11544 1
11545 1
11546 2
11547 2
11548 1
11549 4
11550 23
11551 3
11552 1
11553 1
11554 3
11555 2
11556 12
11557 15
11558 4
11559 3
11560 1
11561 2
11562 1
11563 26
11564 5
11565 1
11566 2
11567 1
11568 16
11569 1
11570 12
11571 1
11572 2
11573 2
11574 1
11575 3
11576 2
11577 6
11578 1
11579 1
11580 1
11581 3
11582 1
11583 1
11584 8
11585 2
11586 1
11587 1
11588 3
11589 4
11590 1
11591 1
11592 1
11593 1
11594 4
11595 3
11596 1
11597 1
11598 1
11599 1
11600 2
11601 1
11602 1
11603 2
11604 1
11605 1
11606 1
11607 2
11608 5
11609 5
11610 2
11611 1
11612 1
11613 1
11614 2
11615 2
11616 1
11617 2
11618 1
11619 1
11620 2
11621 1
11622 1
11623 1
11624 1
11625 2
11626 1
11627 1
11628 3
11629 1
11630 1
11631 3
11632 1
11633 1
11634 1
11635 13
11636 1
11637 2
11638 5
11639 1
11640 16
11641 1
11642 1
11643 1
11644 1
11645 1
11646 1
11647 4
11648 2
11649 2
11650 2
11651 2
11652 3
11653 2
11654 2
11655 2
11656 2
11657 5
11658 4
11659 2
11660 2
11661 2
11662 2
11663 2
11664 2
11665 2
11666 10
11667 1
11668 1
11669 1
11670 1
11671 3
11672 1
11673 1
11674 2
11675 1
11676 2
11677 3
11678 1
11679 2
11680 2
11681 1
11682 18
11683 5
11684 1
11685 3
11686 3
11687 1
11688 8
11689 4
11690 1
11691 1
11692 2
11693 1
11694 1
11695 1
11696 1
11697 1
11698 2
11699 2
11700 1
11701 1
11702 1
11703 1
11704 1
11705 1
11706 2
11707 1
11708 1
11709 1
11710 1
11711 1
11712 2
11713 6
11714 1
11715 2
11716 1
11717 1
11718 2
11719 2
11720 1
11721 1
11722 2
11723 2
11724 1
11725 1
11726 1
11727 2
11728 4
11729 2
11730 1
11731 1
11732 1
11733 2
11734 1
11735 1
11736 3
11737 3
11738 1
11739 6
11740 2
11741 3
11742 1
11743 1
11744 2
11745 4
11746 1
11747 1
11748 1
11749 1
11750 1
11751 3
11752 1
11753 1
11754 2
11755 1
11756 5
11757 1
11758 3
11759 2
11760 1
11761 1
11762 2
11763 4
11764 3
11765 1
11766 7
11767 8
11768 1
11769 4
11770 3
11771 11
11772 1
11773 2
11774 1
11775 1
11776 1
11777 1
11778 1
11779 1
11780 5
11781 5
11782 2
11783 4
11784 3
11785 1
11786 2
11787 1
11788 1
11789 3
11790 1
11791 2
11792 1
11793 1
11794 1
11795 2
11796 1
11797 1
11798 2
11799 1
11800 1
11801 1
11802 4
11803 1
11804 9
11805 2
11806 1
11807 1
11808 1
11809 1
11810 2
11811 1
11812 1
11813 2
11814 1
11815 1
11816 1
11817 1
11818 1
11819 1
11820 2
11821 3
11822 1
11823 1
11824 1
11825 3
11826 4
11827 3
11828 2
11829 2
11830 1
11831 1
11832 5
11833 2
11834 2
11835 2
11836 4
11837 2
11838 1
11839 1
11840 1
11841 3
11842 1
11843 1
11844 1
11845 1
11846 2
11847 1
11848 1
11849 1
11850 3
11851 6
11852 1
11853 4
11854 1
11855 4
11856 1
11857 1
11858 2
11859 1
11860 6
11861 2
11862 1
11863 3
11864 2
11865 2
11866 3
11867 1
11868 1
11869 1
11870 1
11871 6
11872 2
11873 1
11874 1
11875 2
11876 2
11877 1
11878 3
11879 1
11880 1
11881 2
11882 1
11883 3
11884 29
11885 1
11886 1
11887 3
11888 1
11889 1
11890 1
11891 1
11892 1
11893 1
11894 1
11895 2
11896 2
11897 1
11898 2
11899 1
11900 1
11901 2
11902 1
11903 1
11904 1
11905 1
11906 2
11907 2
11908 1
11909 1
11910 3
11911 1
11912 3
11913 1
11914 1
11915 1
11916 1
11917 1
11918 3
11919 1
11920 2
11921 1
11922 1
11923 1
11924 1
11925 1
11926 2
11927 3
11928 22
11929 3
11930 6
11931 1
11932 3
11933 16
11934 2
11935 1
11936 1
11937 11
11938 3
11939 46
11940 7
11941 2
11942 2
11943 1
11944 8
11945 2
11946 1
11947 2
11948 1
11949 1
11950 1
11951 1
11952 1
11953 1
11954 1
11955 1
11956 1
11957 1
11958 1
11959 2
11960 1
11961 1
11962 4
11963 1
11964 1
11965 7
11966 2
11967 2
11968 1
11969 1
11970 1
11971 1
11972 1
11973 1
11974 1
11975 1
11976 1
11977 1
11978 1
11979 1
11980 1
11981 1
11982 1
11983 1
11984 1
11985 2
11986 1
11987 1
11988 1
11989 1
11990 1
11991 1
11992 1
11993 1
11994 1
11995 4
11996 1
11997 5
11998 1
11999 1
12000 1
12001 4
12002 1
12003 18
12004 1
12005 1
12006 1
12007 1
12008 1
12009 4
12010 2
12011 1
12012 1
12013 1
12014 1
12015 1
12016 18
12017 1
12018 2
12019 1
12020 2
12021 1
12022 3
12023 2
12024 2
12025 1
12026 2
12027 1
12028 1
12029 4
12030 1
12031 1
12032 5
12033 2
12034 1
12035 6
12036 1
12037 4
12038 1
12039 1
12040 2
12041 2
12042 1
12043 1
12044 7
12045 3
12046 3
12047 1
12048 1
12049 1
12050 7
12051 1
12052 1
12053 2
12054 2
12055 1
12056 1
12057 1
12058 2
12059 12
12060 1
12061 2
12062 1
12063 4
12064 2
12065 1
12066 1
12067 1
12068 1
12069 1
12070 1
12071 1
12072 9
12073 1
12074 1
12075 1
12076 9
12077 1
12078 1
12079 1
12080 1
12081 1
12082 1
12083 1
12084 1
12085 1
12086 12
12087 2
12088 5
12089 3
12090 4
12091 1
12092 2
12093 6
12094 1
12095 1
12096 1
12097 1
12098 1
12099 1
12100 1
12101 1
12102 2
12103 2
12104 2
12105 1
12106 1
12107 1
12108 3
12109 3
12110 1
12111 1
12112 1
12113 3
12114 1
12115 1
12116 1
12117 1
12118 1
12119 2
12120 1
12121 4
12122 1
12123 2
12124 1
12125 1
12126 1
12127 1
12128 1
12129 1
12130 1
12131 1
12132 4
12133 1
12134 1
12135 1
12136 2
12137 1
12138 1
12139 1
12140 1
12141 1
12142 1
12143 2
12144 1
12145 1
12146 1
12147 2
12148 1
12149 2
12150 1
12151 1
12152 1
12153 1
12154 2
12155 5
12156 2
12157 1
12158 2
12159 2
12160 1
12161 1
12162 1
12163 1
12164 3
12165 1
12166 1
12167 1
12168 1
12169 1
12170 1
12171 1
12172 2
12173 3
12174 1
12175 3
12176 1
12177 1
12178 1
12179 1
12180 1
12181 1
12182 1
12183 1
12184 4
12185 2
12186 1
12187 8
12188 8
12189 2
12190 7
12191 10
12192 2
12193 1
12194 2
12195 1
12196 1
12197 1
12198 1
12199 5
12200 9
12201 1
12202 1
12203 2
12204 2
12205 1
12206 2
12207 1
12208 1
12209 1
12210 1
12211 1
12212 3
12213 5
12214 3
12215 1
12216 2
12217 1
12218 1
12219 2
12220 4
12221 4
12222 1
12223 1
12224 1
12225 13
12226 1
12227 1
12228 1
12229 4
12230 1
12231 1
12232 1
12233 3
12234 1
12235 1
12236 1
12237 6
12238 2
12239 2
12240 4
12241 1
12242 1
12243 4
12244 1
12245 1
12246 1
12247 1
12248 1
12249 1
12250 1
12251 1
12252 1
12253 7
12254 1
12255 1
12256 1
12257 1
12258 1
12259 1
12260 2
12261 2
12262 1
12263 1
12264 1
12265 1
12266 1
12267 4
12268 1
12269 4
12270 1
12271 4
12272 1
12273 2
12274 1
12275 2
12276 1
12277 1
12278 3
12279 1
12280 1
12281 1
12282 2
12283 1
12284 1
12285 2
12286 1
12287 1
12288 1
12289 1
12290 1
12291 1
12292 1
12293 1
12294 1
12295 1
12296 1
12297 1
12298 10
12299 1
12300 2
12301 1
12302 26
12303 1
12304 2
12305 14
12306 4
12307 1
12308 1
12309 21
12310 3
12311 1
12312 1
12313 2
12314 2
12315 1
12316 2
12317 1
12318 1
12319 2
12320 4
12321 2
12322 6
12323 1
12324 4
12325 1
12326 3
12327 1
12328 1
12329 1
12330 5
12331 1
12332 1
12333 7
12334 3
12335 1
12336 1
12337 1
12338 1
12339 8
12340 1
12341 6
12342 1
12343 1
12344 1
12345 1
12346 6
12347 1
12348 3
12349 1
12350 6
12351 1
12352 4
12353 2
12354 6
12355 1
12356 1
12357 2
12358 1
12359 48
12360 10
12361 1
12362 8
12363 1
12364 1
12365 4
12366 1
12367 8
12368 3
12369 1
12370 1
12371 6
12372 2
12373 1
12374 1
12375 1
12376 1
12377 1
12378 5
12379 1
12380 1
12381 17
12382 1
12383 1
12384 1
12385 1
12386 1
12387 1
12388 1
12389 3
12390 5
12391 2
12392 2
12393 1
12394 1
12395 53
12396 3
12397 1
12398 5
12399 4
12400 1
12401 3
12402 1
12403 1
12404 4
12405 3
12406 2
12407 32
12408 7
12409 5
12410 2
12411 2
12412 2
12413 1
12414 5
12415 3
12416 19
12417 2
12418 6
12419 1
12420 3
12421 1
12422 1
12423 2
12424 2
12425 2
12426 4
12427 1
12428 1
12429 1
12430 8
12431 2
12432 1
12433 3
12434 1
12435 1
12436 1
12437 6
12438 5
12439 1
12440 2
12441 2
12442 6
12443 9
12444 8
12445 3
12446 1
12447 1
12448 5
12449 6
12450 2
12451 2
12452 2
12453 5
12454 3
12455 1
12456 4
12457 1
12458 1
12459 1
12460 3
12461 2
12462 1
12463 1
12464 2
12465 3
12466 1
12467 1
12468 3
12469 2
12470 3
12471 2
12472 2
12473 12
12474 12
12475 5
12476 1
12477 1
12478 3
12479 2
12480 1
12481 12
12482 2
12483 2
12484 7
12485 2
12486 4
12487 1
12488 1
12489 1
12490 3
12491 5
12492 1
12493 1
12494 3
12495 1
12496 2
12497 2
12498 8
12499 14
12500 1
12501 2
12502 3
12503 1
12504 10
12505 13
12506 1
12507 1
12508 3
12509 10
12510 3
12511 3
12512 6
12513 3
12514 1
12515 2
12516 2
12517 1
12518 1
12519 1
12520 1
12521 6
12522 1
12523 1
12524 1
12525 2
12526 1
12527 1
12528 3
12529 1
12530 1
12531 5
12532 2
12533 9
12534 2
12535 18
12536 2
12537 3
12538 3
12539 1
12540 1
12541 1
12542 1
12543 1
12544 1
12545 1
12546 1
12547 2
12548 1
12549 1
12550 1
12551 5
12552 1
12553 1
12554 2
12555 2
12556 3
12557 1
12558 4
12559 1
12560 1
12561 2
12562 1
12563 1
12564 1
12565 1
12566 2
12567 2
12568 2
12569 9
12570 2
12571 2
12572 2
12573 1
12574 1
12575 3
12576 1
12577 3
12578 2
12579 4
12580 2
12581 1
12582 3
12583 1
12584 10
12585 2
12586 1
12587 2
12588 2
12589 2
12590 2
12591 3
12592 2
12593 2
12594 3
12595 1
12596 1
12597 2
12598 1
12599 4
12600 3
12601 1
12602 1
12603 4
12604 2
12605 1
12606 1
12607 1
12608 4
12609 3
12610 5
12611 2
12612 1
12613 2
12614 2
12615 6
12616 3
12617 1
12618 1
12619 3
12620 3
12621 1
12622 1
12623 1
12624 3
12625 169
12626 2
12627 1
12628 1
12629 2
12630 2
12631 3
12632 1
12633 2
12634 3
12635 1
12636 3
12637 5
12638 3
12639 2
12640 4
12641 2
12642 1
12643 1
12644 2
12645 1
12646 3
12647 2
12648 1
12649 1
12650 2
12651 1
12652 1
12653 2
12654 1
12655 2
12656 1
12657 2
12658 2
12659 1
12660 9
12661 1
12662 1
12663 3
12664 1
12665 1
12666 1
12667 2
12668 2
12669 1
12670 2
12671 4
12672 1
12673 2
12674 2
12675 2
12676 5
12677 1
12678 2
12679 1
12680 1
12681 1
12682 1
12683 3
12684 1
12685 3
12686 1
12687 1
12688 3
12689 13
12690 2
12691 1
12692 2
12693 1
12694 2
12695 1
12696 1
12697 3
12698 1
12699 2
12700 2
12701 1
12702 1
12703 1
12704 2
12705 3
12706 1
12707 3
12708 1
12709 3
12710 1
12711 2
12712 3
12713 2
12714 3
12715 3
12716 1
12717 1
12718 3
12719 1
12720 1
12721 4
12722 1
12723 1
12724 1
12725 2
12726 1
12727 3
12728 2
12729 2
12730 6
12731 3
12732 2
12733 4
12734 2
12735 2
12736 4
12737 2
12738 12
12739 2
12740 10
12741 1
12742 1
12743 2
12744 1
12745 1
12746 2
12747 1
12748 1
12749 1
12750 1
12751 1
12752 1
12753 6
12754 4
12755 2
12756 2
12757 2
12758 2
12759 1
12760 1
12761 1
12762 5
12763 3
12764 5
12765 1
12766 6
12767 1
12768 1
12769 1
12770 3
12771 2
12772 23
12773 5
12774 1
12775 3
12776 1
12777 2
12778 3
12779 4
12780 1
12781 3
12782 1
12783 1
12784 4
12785 1
12786 1
12787 7
12788 1
12789 1
12790 1
12791 2
12792 1
12793 1
12794 1
12795 2
12796 1
12797 1
12798 1
12799 2
12800 1
12801 3
12802 1
12803 2
12804 4
12805 3
12806 1
12807 3
12808 3
12809 1
12810 3
12811 1
12812 1
12813 1
12814 1
12815 1
12816 3
12817 3
12818 2
12819 1
12820 1
12821 1
12822 1
12823 1
12824 2
12825 1
12826 1
12827 1
12828 1
12829 1
12830 2
12831 2
12832 1
12833 8
12834 1
12835 1
12836 3
12837 4
12838 1
12839 4
12840 8
12841 1
12842 1
12843 2
12844 1
12845 2
12846 5
12847 2
12848 4
12849 2
12850 3
12851 1
12852 1
12853 1
12854 1
12855 2
12856 2
12857 1
12858 1
12859 1
12860 2
12861 3
12862 2
12863 1
12864 1
12865 1
12866 2
12867 1
12868 2
12869 3
12870 1
12871 4
12872 1
12873 5
12874 1
12875 2
12876 1
12877 2
12878 1
12879 1
12880 1
12881 1
12882 1
12883 1
12884 1
12885 1
12886 2
12887 1
12888 1
12889 8
12890 2
12891 9
12892 4
12893 2
12894 1
12895 1
12896 1
12897 1
12898 3
12899 2
12900 1
12901 1
12902 1
12903 1
12904 3
12905 12
12906 4
12907 5
12908 1
12909 2
12910 1
12911 4
12912 1
12913 4
12914 2
12915 2
12916 2
12917 4
12918 1
12919 1
12920 1
12921 7
12922 2
12923 4
12924 4
12925 4
12926 2
12927 1
12928 2
12929 1
12930 2
12931 2
12932 2
12933 2
12934 4
12935 3
12936 2
12937 2
12938 1
12939 1
12940 2
12941 1
12942 1
12943 6
12944 1
12945 1
12946 1
12947 1
12948 3
12949 2
12950 1
12951 1
12952 1
12953 4
12954 1
12955 3
12956 2
12957 1
12958 5
12959 1
12960 3
12961 1
12962 1
12963 1
12964 1
12965 1
12966 6
12967 1
12968 1
12969 1
12970 2
12971 2
12972 2
12973 2
12974 5
12975 2
12976 1
12977 2
12978 1
12979 1
12980 1
12981 2
12982 2
12983 2
12984 2
12985 1
12986 2
12987 18
12988 1
12989 21
12990 1
12991 1
12992 1
12993 1
12994 1
12995 1
12996 4
12997 1
12998 3
12999 2
13000 1
13001 1
13002 1
13003 4
13004 1
13005 2
13006 1
13007 3
13008 1
13009 1
13010 1
13011 3
13012 4
13013 1
13014 2
13015 2
13016 1
13017 1
13018 1
13019 2
13020 1
13021 1
13022 1
13023 2
13024 2
13025 2
13026 1
13027 1
13028 2
13029 2
13030 8
13031 2
13032 1
13033 1
13034 2
13035 2
13036 2
13037 1
13038 3
13039 1
13040 1
13041 1
13042 2
13043 1
13044 1
13045 1
13046 3
13047 1
13048 1
13049 3
13050 3
13051 1
13052 1
13053 1
13054 1
13055 1
13056 7
13057 1
13058 2
13059 1
13060 1
13061 1
13062 2
13063 1
13064 2
13065 1
13066 1
13067 2
13068 3
13069 1
13070 3
13071 10
13072 1
13073 2
13074 1
13075 1
13076 1
13077 1
13078 1
13079 1
13080 1
13081 2
13082 2
13083 2
13084 1
13085 1
13086 1
13087 1
13088 1
13089 2
13090 1
13091 1
13092 1
13093 3
13094 1
13095 1
13096 1
13097 16
13098 16
13099 1
13100 1
13101 1
13102 2
13103 1
13104 1
13105 1
13106 2
13107 1
13108 2
13109 2
13110 2
13111 2
13112 3
13113 3
13114 1
13115 5
13116 1
13117 1
13118 1
13119 2
13120 2
13121 1
13122 2
13123 2
13124 1
13125 1
13126 1
13127 1
13128 1
13129 1
13130 6
13131 2
13132 2
13133 1
13134 2
13135 2
13136 1
13137 1
13138 1
13139 3
13140 1
13141 1
13142 1
13143 2
13144 2
13145 2
13146 2
13147 2
13148 1
13149 1
13150 1
13151 1
13152 1
13153 2
13154 1
13155 1
13156 4
13157 3
13158 1
13159 2
13160 1
13161 2
13162 1
13163 1
13164 8
13165 1
13166 2
13167 2
13168 2
13169 1
13170 6
13171 1
13172 1
13173 1
13174 1
13175 1
13176 1
13177 4
13178 1
13179 6
13180 2
13181 1
13182 1
13183 1
13184 2
13185 1
13186 1
13187 1
13188 3
13189 1
13190 1
13191 1
13192 1
13193 4
13194 1
13195 1
13196 1
13197 1
13198 1
13199 8
13200 2
13201 1
13202 2
13203 1
13204 2
13205 1
13206 2
13207 2
13208 3
13209 1
13210 1
13211 3
13212 1
13213 1
13214 1
13215 1
13216 1
13217 3
13218 2
13219 1
13220 2
13221 1
13222 1
13223 1
13224 1
13225 2
13226 4
13227 3
13228 1
13229 6
13230 6
13231 1
13232 1
13233 1
13234 1
13235 3
13236 1
13237 2
13238 8
13239 2
13240 1
13241 3
13242 2
13243 2
13244 2
13245 2
13246 2
13247 1
13248 2
13249 2
13250 1
13251 2
13252 1
13253 1
13254 2
13255 1
13256 4
13257 1
13258 2
13259 2
13260 1
13261 1
13262 2
13263 1
13264 1
13265 1
13266 1
13267 2
13268 4
13269 4
13270 2
13271 1
13272 2
13273 1
13274 1
13275 3
13276 1
13277 1
13278 2
13279 2
13280 2
13281 1
13282 2
13283 2
13284 1
13285 1
13286 1
13287 1
13288 1
13289 2
